ALB,BET,DOL,NoF,LAG,OTHER,SHARK,YFT,image
0.001715677089,9.02246026872e-05,0.000528798192891,0.99651728989,0.000149547414698,0.000338613495683,0.000400989625359,0.000258859689347,img_00005.jpg
0.882998416077,0.0701085594376,0.00174197145556,0.00167616876276,0.00115118080348,0.0106204979562,0.00382335297626,0.0278798525308,img_00007.jpg
0.895951582601,0.0156242734019,0.000852344193732,0.000189407485311,5.24773915994e-05,0.0856858177437,0.000384499493371,0.00125959768914,img_00009.jpg
0.995943271656,0.000472922356738,0.00127534542668,4.27414578996e-05,0.00049588583493,0.000238735414777,0.00117764490796,0.000353452945417,img_00018.jpg
0.713245625477,0.000870651971964,6.24364938347e-05,0.00373794061615,0.000217795520571,0.00851801693773,0.0119792445189,0.261368288464,img_00027.jpg
0.861243046412,0.00383863307164,0.00203046232473,0.0785889653715,0.000506659473175,0.00155529381441,0.0258941444055,0.0263427951268,img_00030.jpg
0.257724517586,0.0332957918666,0.000830239392484,0.00212897050257,0.00241642081631,0.00628164351767,0.0920951383382,0.60522727798,img_00040.jpg
0.915579679894,5.38653144068e-05,0.00125807199449,0.0827142545544,7.9123531081e-06,1.72931677792e-05,0.000287700727888,8.12219936962e-05,img_00046.jpg
0.828950575212,0.0815866813805,0.00675450467994,0.0232834227209,0.011117694062,0.0136120124547,0.000827232784725,0.0338678767057,img_00053.jpg
0.0938999046978,0.0594738335093,0.0119375883188,0.00642322483042,0.790873917504,0.00825175878728,0.00553305908749,0.0236067132645,img_00071.jpg
0.949917050389,0.0041620092351,0.000963737098916,0.0175005070765,0.000852993530042,0.00984934091854,0.000343323916332,0.0164110378358,img_00075.jpg
0.540208319358,0.0074793360065,0.000239325537492,0.00509280165171,0.00124559522906,0.00220841344467,0.0198971978587,0.423629010913,img_00102.jpg
0.996205609636,2.69103944178e-05,0.000425679872717,0.000368554015804,0.000194405067769,0.000378384015305,1.66913133818e-05,0.00238376568447,img_00103.jpg
0.957365924872,0.000118601296618,0.00212234484086,0.0107054481555,1.89490547794e-05,6.24829658953e-05,0.000680826221658,0.0289254225925,img_00109.jpg
0.00355349926192,0.00371914509854,0.000583303425443,0.896683602132,0.00020871930163,0.00050679004411,0.000247630342821,0.0944973103934,img_00119.jpg
0.014528371304,0.0158601116707,0.000780458344395,0.00206824825486,0.00065687398856,0.000903155352094,0.00743197423011,0.957770806855,img_00120.jpg
0.822520670164,0.0139315519614,0.0262719558473,0.0374639252575,0.00381359548264,0.0537309590589,0.00110399594427,0.0411633462836,img_00125.jpg
0.000359526086596,0.131717388848,0.6715005633,0.000365380701568,0.000234788548513,0.00176003618306,0.000215632420933,0.193846683912,img_00128.jpg
0.162372672401,0.0564677254615,0.00156079005022,0.00567670790799,0.00707005295983,0.011856735001,0.0363641218998,0.718631194318,img_00129.jpg
0.451502998136,0.0022438180463,0.000529632516389,0.509998816428,0.0106710669209,0.0133760243238,0.000464596722344,0.0112130469063,img_00133.jpg
0.928847151853,0.0207570088767,0.00602442397994,0.0323606178717,0.00074985850694,0.00333038713428,0.000138591278033,0.00779196049921,img_00138.jpg
0.00995540420507,0.00685767638435,0.00330982226562,0.000554491207245,0.000173962330697,0.00115618370115,0.00056436836795,0.977428091538,img_00141.jpg
0.573443008388,0.0451932680572,0.132198500018,0.0190868881164,0.00910107231198,0.0928814473631,0.00946682237877,0.118628993367,img_00152.jpg
0.012637172025,0.0245127349537,0.00181715908143,0.00249549035057,0.00202920134695,0.00433872478488,0.000784190041342,0.951385327416,img_00161.jpg
0.00760989341818,0.000660725139992,0.000252626196086,0.953785304187,0.000216974637934,0.00139044912878,0.000669036004118,0.0354149912884,img_00164.jpg
0.969240952469,0.00134950546412,0.000164855504209,0.0180796612071,0.0018506197132,0.000914599578476,4.80150907796e-05,0.00835179097303,img_00170.jpg
0.0286782505756,0.00456781122147,0.000907805503384,0.0459792138125,0.030599861787,0.884292951818,0.00083930923453,0.00413479604737,img_00171.jpg
0.0189005096524,9.23881352213e-05,0.0019184794403,0.976380780679,0.000149286218971,0.000477814975683,0.000778400060905,0.00130234083744,img_00172.jpg
0.213044773858,0.0368755196444,0.0162816188193,0.124440946432,0.124779145624,0.437138538964,0.0130475191448,0.0343919375145,img_00175.jpg
0.0906883280615,0.00572237141923,0.00153105352414,0.0536763223389,0.000741280820149,0.00241031023049,0.00114018314379,0.844090150462,img_00180.jpg
0.0189207065597,0.0303204561786,0.000715871482339,0.852382296837,0.000445271351117,0.00209930693051,0.000552062691131,0.0945640279699,img_00196.jpg
0.0406310526387,0.00647136274222,0.00636154892533,0.0940482538809,0.00273876237758,0.0043979346083,0.00443169933743,0.840919385489,img_00212.jpg
0.10015242898,0.0079737051242,0.0961451674208,0.00780837125985,0.00483304616144,0.741399083688,0.00387328211861,0.0378149152468,img_00223.jpg
0.852145653778,0.0147805614127,0.00200743339831,0.000243275589013,0.000819603694691,0.00135898028832,0.00191749293209,0.126726998907,img_00230.jpg
5.18869710757e-07,8.09151941772e-07,1.45501968577e-07,2.60730799403e-07,1.13645695667e-07,1.9793363337e-07,0.999994295987,3.658178791e-06,img_00232.jpg
0.732268292544,0.00927552185728,0.00141131280656,0.00486719337447,0.00603926473917,0.113296591224,0.00189134754764,0.130950475907,img_00244.jpg
0.866078007811,0.115564447282,0.0105516025118,0.0031107722402,0.00104278732479,0.00139851215079,7.1784886525e-05,0.00218208579274,img_00272.jpg
0.818355805968,0.00194570850379,0.000786092568139,0.169404403807,7.40177133818e-05,0.00213859989656,0.000162033740852,0.00713333780138,img_00280.jpg
0.348884969917,0.0118130269161,0.00363990645805,0.0703723003154,0.150296114872,0.403347306554,0.00340911221428,0.00823726275295,img_00282.jpg
0.494184999261,0.0212503647813,0.001033816943,0.0943726629432,0.000801496217569,0.0135543497938,0.0110669994861,0.363735310574,img_00285.jpg
0.961076738898,0.00167630224632,0.00045222229484,0.0117791432079,0.00187395598934,0.0152918318227,0.000380022807874,0.00746978273273,img_00289.jpg
0.413152124146,0.0146133556875,0.00189253340541,0.0684505443642,0.0030130027915,0.126078362166,0.00800702623577,0.364793051203,img_00292.jpg
0.262204714374,0.0160573376781,0.000531335585206,0.00284580789638,0.00239625286296,0.00800805557337,0.189426505496,0.518529990534,img_00302.jpg
0.974162176862,0.0240131665018,0.000111178210977,0.000266268643465,0.000161819282789,2.01579627957e-05,0.000227090169663,0.00103814236616,img_00311.jpg
0.9936645478,0.000437795578068,0.000395267203637,0.00355835703416,4.98314280941e-05,0.000827846078768,0.000325557456591,0.000740797420271,img_00320.jpg
0.947128860569,0.00140614939949,0.0007890611751,0.0259290013242,0.000582021685284,0.00692191961429,0.0048857105468,0.012357275686,img_00331.jpg
0.0667707211932,0.00828908797706,0.00243663574122,0.0127175127785,0.0039922177845,0.0887545155655,0.0197731841718,0.797266124788,img_00358.jpg
0.287953454613,0.0705156608111,0.00931112165302,0.00784184852376,0.00616490406203,0.0681414433056,0.00438008455206,0.545691482479,img_00374.jpg
0.521336822245,0.0277387535113,0.304526716996,0.0172908166899,0.00632469548993,0.0148063367938,0.00550093313129,0.102474925144,img_00375.jpg
0.479645980417,0.00361141165368,0.00410268443012,0.04204958048,0.000718233921314,0.0318007006651,0.0054523997667,0.432619008666,img_00376.jpg
0.78116163847,0.0250665296108,0.00670496263967,0.171853694818,0.00150185597673,0.0124014861259,0.000284547007229,0.00102528535176,img_00380.jpg
0.956341916026,0.00577801310804,0.000548427422975,0.00347816131069,0.00408231450244,0.000442764756685,0.00311197332857,0.0262164295449,img_00383.jpg
0.74347427673,0.0203159587126,0.000977298906124,0.20640922282,0.000327590177138,0.00100502338122,0.0120194752421,0.0154711540306,img_00398.jpg
0.922867672371,0.0101948823938,0.0197790730285,0.0024735727557,0.00679561221754,0.00725214368105,0.000618629649097,0.030018413903,img_00407.jpg
0.184968064171,0.0446620895148,0.0349255697736,0.355160393525,0.0187333563304,0.0306766779277,0.0219747647702,0.308899083987,img_00417.jpg
0.586018555144,0.0343419063603,0.0106372526811,0.0388239287918,0.00304454436753,0.214027822995,0.00446882283351,0.108637166827,img_00432.jpg
0.00748062018856,0.00810513238105,0.00126502509327,0.000318592719891,0.000543119785437,0.00146394337759,0.000538661746441,0.980284904708,img_00442.jpg
0.907171203856,0.00339435222116,0.000196061029433,0.03670881938,0.000467336093957,0.013646505567,0.000300210710783,0.0381155111421,img_00446.jpg
0.747684897589,0.00625742142865,0.00744681690286,0.0312144522585,0.00318831932783,0.0209403847896,0.000511788030265,0.182755919673,img_00469.jpg
0.960185632723,0.00094028011855,0.000164095553508,0.00299082234159,5.06983708018e-05,3.8795423107e-05,4.34974361977e-05,0.0355861780328,img_00473.jpg
0.556027914893,0.00202186753316,0.00229400013774,0.409496040887,0.000525929009198,0.0132600601089,0.00097573966243,0.0153984477684,img_00483.jpg
0.0621073023069,0.0834868054137,0.0075386186972,0.00710788835927,0.00979926089756,0.00834011733087,0.00367642603243,0.817943580962,img_00484.jpg
0.964576014343,0.00410249129701,0.00413415776359,0.0241221999831,0.000670099062774,0.00223433426213,2.33304650589e-05,0.000137372822966,img_00486.jpg
0.00441456780438,0.000406711943006,0.000222748976085,0.994056516089,0.000421503521327,5.33461588237e-05,0.000328038885825,9.65666215566e-05,img_00487.jpg
0.0780474194616,0.00941957241077,0.00861504158264,0.791037323902,0.00172792784586,0.0725041002101,0.00197657906818,0.0366720355191,img_00493.jpg
0.953107237021,0.00101339653515,0.00596135341977,0.0336803713952,0.000159495574306,0.00125189152662,0.00156693513938,0.00325931938811,img_00518.jpg
0.55754224958,0.0205415308411,0.000516392791918,0.0213480388329,0.007727766606,0.003243876882,0.0104179953726,0.378662149094,img_00533.jpg
0.915397660198,0.00317901815949,0.000613422397097,0.0551837615603,0.00146790750809,0.00703073037817,0.00137276818522,0.0157547316137,img_00538.jpg
0.963440782967,0.0319962338687,0.000108050731775,0.000687768037659,0.000171246467463,4.35401930642e-05,0.000191378899888,0.00336099883447,img_00543.jpg
0.903544108946,0.00610597368255,0.00270535474037,0.00343527928799,0.000345142681528,0.0245439770472,0.00172644748619,0.0575937161279,img_00550.jpg
0.982728061989,0.00103583647933,0.0008804266441,0.00299517399481,0.000170520339171,0.00983189365206,8.80786154272e-05,0.00227000828601,img_00551.jpg
0.020534741916,0.00253871961997,0.00614429763728,0.952356387711,0.00122488371707,0.0106796099811,0.00137302489398,0.00514833452408,img_00564.jpg
0.562445643946,0.00385801371251,0.00137754192049,0.0404246306173,0.0016652119953,0.208755238213,0.0148991141437,0.166574605451,img_00575.jpg
0.568199777904,0.00555506379816,0.00144636110266,0.357867389837,0.000584136762656,0.0567139346873,0.000445306919908,0.00918802898827,img_00582.jpg
0.962592724069,0.00476958610439,0.000377743964645,0.0287298784807,0.000248615186817,0.000632495036799,0.00110907832272,0.00153987883479,img_00584.jpg
0.618436927296,0.000821328416349,0.000241142579918,0.0137318853272,0.000281095340579,0.00418735062015,0.0786083706711,0.283691899749,img_00587.jpg
0.604526912341,0.00719326599268,0.000334525856244,0.0175390406206,0.000448217669236,0.00441156368416,0.00246265812579,0.363083815711,img_00590.jpg
0.350587647527,0.00379927128233,4.4604042798e-05,0.000133796037604,3.0826417135e-05,0.000755227917337,0.0013024168942,0.643346209881,img_00591.jpg
0.890447429684,0.00683533603906,0.000281416579613,0.016172351846,0.00421270111067,0.00818148818267,0.000285092834858,0.073584183723,img_00598.jpg
0.21655710057,0.0101876872633,0.000427732515113,0.0223239469905,0.000200738360425,0.0199636957859,0.00657782879984,0.723761269715,img_00599.jpg
0.591000648704,0.00616671123647,0.000521731536649,0.00320444941248,0.00304259306206,0.0938286177935,0.29314788189,0.00908736636573,img_00612.jpg
0.996335864307,1.25470609023e-05,0.000125767860925,0.00160399824685,0.000126223289508,0.000145548456185,0.000303987833325,0.00134606294552,img_00618.jpg
0.988429957448,0.00142637018595,0.00262127271073,0.00485460278406,0.000118148626797,0.00178784951233,0.000149752248562,0.00061204648315,img_00620.jpg
0.296504217692,0.0223173392965,0.0104666605641,0.00908808248066,0.629773451326,0.017997128331,0.0047128479347,0.00914027237539,img_00642.jpg
0.0308178449634,0.00330593168227,0.00196631247752,0.00274512050449,0.000275714091178,0.00422051894377,0.000645639280197,0.956022918057,img_00646.jpg
0.992071515872,0.0055039972099,4.26057530692e-05,0.000544680434945,2.79888169305e-05,3.70194059635e-06,0.000729572572391,0.0010759373998,img_00648.jpg
0.611954404012,0.00250332247002,0.00313215477669,0.0274039132449,0.00040617097698,0.0637152588381,0.00467641617378,0.286208359508,img_00650.jpg
0.950097480666,0.0239480453746,0.00491168687082,0.00578994386346,0.000881918616865,0.00585870152231,0.000164389204956,0.0083478338805,img_00654.jpg
0.966951092631,0.000196278121676,0.000104943054478,0.0195631959433,5.66569976794e-05,0.00121977896109,0.00040860003079,0.0114994542601,img_00664.jpg
0.00322896210252,0.0069798171624,0.000626269923415,0.982028310296,0.000367479457111,0.000784346949883,0.000426260998681,0.00555855311038,img_00667.jpg
0.00418680468396,0.00316574583695,0.000306085615286,0.951092714643,7.70506115506e-05,0.000321438384894,0.000121980139229,0.0407281800853,img_00676.jpg
0.00305286514902,0.00502252520461,0.0230917804,0.00256639847079,0.000263003564373,0.00324201448943,0.000218774015747,0.962542638706,img_00697.jpg
0.457892895379,0.00471749704233,0.000581832135837,0.0114146831456,0.00215222967959,0.423375223775,0.0113104202849,0.0885552185573,img_00708.jpg
0.132347439258,0.301266641729,0.00395083768869,0.00995049831564,0.0067000358618,0.195805729002,0.0304286686243,0.31955014952,img_00716.jpg
0.581258814056,0.296943275653,0.00331289610477,0.00532810215985,0.00326471610079,0.0897487744138,0.00233406583307,0.0178093556792,img_00717.jpg
0.870073875239,0.0140558399573,0.00108404797785,0.013085169448,0.00141409998094,0.0221803933401,0.00115023405538,0.0769563400017,img_00718.jpg
0.785525157912,0.0483344139547,0.00105208200676,0.146793838152,0.00188263837963,0.00152809092771,0.0047421675672,0.0101416110999,img_00723.jpg
0.165969116732,0.0151411694718,0.0169464708855,0.114262360876,0.00659238797888,0.0161289960295,0.201197776403,0.463761721624,img_00724.jpg
0.922947597959,0.00109359909438,0.00205143790407,0.00917844633461,0.000250529845254,0.000369374247722,0.0513841549483,0.012724859667,img_00726.jpg
0.863167861132,0.00129581138798,0.0101436346196,0.117960238888,0.000543784205254,0.00319219650014,0.000628504562778,0.00306796870389,img_00729.jpg
0.0124502280698,0.00104355490055,0.000142894192733,0.00173533552141,9.7594899383e-05,0.000113727156755,0.0178099046264,0.966606760633,img_00730.jpg
0.98457355942,0.000798433454181,0.000818342961474,0.00221304867671,0.00739292452049,0.000914320353137,0.000204387943642,0.0030849826703,img_00757.jpg
0.931725967894,0.00168345956309,0.000429127757909,0.000421731378042,0.0590884628962,0.00355438922337,0.000636771151704,0.00246009013596,img_00760.jpg
0.13986211271,0.0892362131667,0.0039437084275,0.431590068961,0.00254167450056,0.00533228168582,0.00473032209724,0.322763618451,img_00763.jpg
0.0177845492427,0.243696149039,0.0223803611993,0.37805277413,0.00409208250532,0.00430917149959,0.00372013253537,0.325964779848,img_00764.jpg
0.0519004484277,0.0296948719867,0.00337937161896,0.0229321694362,0.026202655987,0.669983816617,0.00476840246328,0.191138263464,img_00765.jpg
0.00493773762084,0.0188863311283,0.290595693669,0.00266444661506,0.00096594363904,0.00174303723991,0.000545401316568,0.679661408771,img_00772.jpg
0.474423983916,0.031184003279,0.367815798846,0.064842435268,0.00492040151157,0.0517148896248,0.00117451613392,0.00392397142061,img_00773.jpg
0.94086504586,0.00471761311459,0.000129246307875,0.00944910275954,0.00247885967713,0.0394390543046,0.000554826237442,0.00236625173852,img_00777.jpg
0.162910256552,0.0189677122205,0.00857228608305,0.0781216030009,0.0015112330751,0.0350118183372,0.00138418002727,0.693520910704,img_00780.jpg
0.958283645915,0.00963165844619,0.000158782358453,0.00323549635656,0.00347894952991,0.0112806236009,0.00039514991657,0.0135356938765,img_00798.jpg
0.856116026568,0.00851363979559,0.000299024073023,0.08425443866,0.00130992308157,0.00380310347105,8.47731634015e-05,0.0456190711876,img_00808.jpg
0.925828494677,0.00254144338736,0.00110312841259,0.0593656228833,0.000366383774642,0.00106359310399,0.000382227696802,0.00934910606458,img_00816.jpg
0.0033641173884,0.00516436853419,0.000531437008484,0.986378127451,0.000364803811792,0.000570779536518,0.000248440255679,0.00337792601364,img_00828.jpg
0.912882190967,0.00274903462938,0.000382673393,0.00837442767293,0.000699073827866,0.0420189946767,0.0183819951048,0.014511609728,img_00833.jpg
0.973356380665,0.00404655874249,4.75712193325e-05,0.00946074862274,0.000375194716459,0.0054991688337,8.53589971523e-05,0.00712901820318,img_00837.jpg
0.504612147353,0.0673245668448,0.00411149388598,0.0152597607572,0.00614260599782,0.0208226647902,0.00285396447091,0.3788727959,img_00855.jpg
0.991566291067,0.000629337667431,0.000643113811957,0.00228996911347,0.000125534508069,0.00128704817805,0.000272755171302,0.00318595048307,img_00857.jpg
0.93767409131,0.00187308240116,0.000160206854098,0.0410833555732,0.000167774890943,0.00528554807917,0.000233768308363,0.0135221725834,img_00858.jpg
0.778229165732,0.0366883941457,0.00577692700995,0.0112990971452,0.0054052700407,0.1313029637,0.00084828878512,0.0304498934413,img_00865.jpg
0.000790408851072,0.00473336526907,0.000486793727076,0.985137592921,0.000230140783909,0.000972546164013,0.000254862686411,0.0073942895977,img_00876.jpg
0.0528346413212,0.00086069720261,0.0124799279901,0.0115092831975,0.000284390379908,0.00236313237041,0.000744002025762,0.918923925512,img_00889.jpg
0.900082991183,0.000397834231774,7.09715263138e-05,0.0614575200076,4.9748033329e-05,0.00931583711415,5.04383081617e-05,0.0285746595957,img_00894.jpg
0.000396769641199,0.00600162592033,0.000124917422928,0.000302946357205,0.000184339366083,0.000230216503533,0.992623545031,0.000135639757265,img_00902.jpg
0.00131694728714,0.000914903855795,0.000652443982814,0.000699245604623,0.000619980021124,0.000575005166547,0.000169206900816,0.995052267181,img_00914.jpg
0.742064437675,0.00288490159158,0.00126482845473,0.0821987690558,0.000866648629727,0.0410856540394,0.0100350556601,0.119599704894,img_00921.jpg
0.852183557415,0.00560573214039,0.000592034166362,0.0145287967028,0.000531672499683,0.00720946874302,0.00849477487249,0.11085396346,img_00927.jpg
0.589757095575,0.00163708208762,0.00247181881574,0.37696996872,0.000619830065923,0.00861805563895,0.000907328000173,0.019018821097,img_00943.jpg
0.76637039625,0.000173702411737,9.31197928937e-05,0.230176354469,6.9953148309e-05,0.000152034690502,0.000149201845559,0.00281523739199,img_00948.jpg
0.0610385740193,0.00127927126926,0.00686718957097,0.897421837883,0.000443112307556,0.021401321812,0.00143233768581,0.0101163554523,img_00950.jpg
0.968551552166,0.00131061963594,0.000767979503335,0.0107713536707,0.000153328471799,0.000510459191125,0.000146768776657,0.0177879385842,img_00959.jpg
0.0031557497056,0.116367847008,0.0123264196595,0.0126394407985,0.000400955432677,0.00209500397412,0.00117259144689,0.851841991975,img_00962.jpg
3.10353099021e-05,0.00367088741942,0.973302410297,4.58710069056e-05,0.000354722739165,0.000146688530575,0.000382535693315,0.0220658490035,img_00964.jpg
0.00515135677158,5.48957233377e-05,0.000645678496518,0.991767910453,4.98320505828e-05,0.000211366344492,0.000467920257637,0.00165103990265,img_00966.jpg
0.220573430433,0.772200058753,0.00214938860462,0.000368603689248,0.00134154677779,0.000623953153051,0.000295189499307,0.00244782908904,img_00974.jpg
0.0733168034102,0.0135545178569,0.0380260398909,0.00104356524469,0.00040421066058,0.000815040000346,0.00106377466569,0.871776048271,img_00979.jpg
0.0608243642049,0.721538242561,0.00422507182151,0.145765534163,0.000892655619681,0.00244559451118,0.00196655749852,0.0623419796203,img_00982.jpg
0.0751636234919,0.018726586617,0.00265285846669,0.0923460680375,0.00511550727778,0.069283565861,0.0154793491376,0.721232441111,img_00985.jpg
0.404462500398,0.0191785668734,0.000191547376551,0.00142114938894,0.000791370652232,0.00522179893728,0.00703170137453,0.561701364999,img_00999.jpg
0.778632152718,0.00440946891029,0.000354091095131,0.151621430764,0.00999529473787,0.0449205377853,0.00042683715258,0.00964018683649,img_01022.jpg
0.935452496936,0.0166785736735,0.00123103302842,0.0273340552437,0.000168643387796,0.00757586536754,0.000191243994882,0.0113680883687,img_01031.jpg
0.964004139943,0.00146259334228,5.44901938689e-05,0.00206866754843,0.00161160645336,0.0292262579682,8.68956552e-05,0.0014853488953,img_01035.jpg
0.190932968091,0.271712923892,0.0181218785022,0.429508116468,0.0145315432577,0.034669356809,0.0160491008244,0.0244741121554,img_01043.jpg
0.874218419827,0.0102329379219,0.000904369238501,0.0437094457497,0.000592786427517,0.00432726171415,0.00125479239624,0.0647599867245,img_01058.jpg
0.675469264397,0.0271126741387,0.000843336835241,0.149907469172,0.00105218076476,0.0510984056566,0.0473332921189,0.0471833769172,img_01059.jpg
0.312340335309,0.00735067160211,0.00169933328168,0.653067212259,0.000452362992568,0.00333287110759,0.000679660702865,0.0210775527451,img_01090.jpg
0.644022516019,0.0384463780436,0.00389270741331,0.135726312278,0.00290745546967,0.00391200785773,0.00325059825116,0.167842024667,img_01102.jpg
0.0565847432937,0.907717164707,0.00364877882994,0.00156846348764,0.000373624350447,0.0184688604956,0.00159143936299,0.010046925473,img_01103.jpg
0.981023475859,0.00929544384919,0.000112349083339,0.00293556010289,0.000106761539892,0.00469067250371,0.000226421326618,0.001609315735,img_01116.jpg
0.966426119376,0.00566357091903,0.00011526200766,0.00387249080722,0.000529959053092,0.00520859501573,0.00013663820324,0.0180473646182,img_01134.jpg
0.965356527646,0.00161236899078,0.00167610210601,0.015871218183,0.000477308573756,0.0081981268329,0.000480346079254,0.00632800158791,img_01142.jpg
0.00538504999757,0.00548273578438,0.000661597724569,0.00551100178846,0.00137297433303,0.974585822944,0.00263811977185,0.00436269765646,img_01168.jpg
0.266587048844,0.0204350726567,0.000862442506812,0.0141531462859,0.000196361990198,0.00097422195076,0.00926742242491,0.68752428334,img_01171.jpg
0.969511573875,0.0042347179921,0.0022092758505,0.00911396888512,0.00111887774927,0.00517641086078,0.000146213965437,0.0084889608215,img_01177.jpg
0.962107691491,0.0211732737439,0.000581830685133,0.00598125037716,0.00382704111871,0.00430426344187,5.59678017788e-05,0.00196868134056,img_01179.jpg
0.158220511906,0.0321078885064,0.00376815805091,0.0408669168286,0.0206216488594,0.492885421322,0.00738658094479,0.244142873582,img_01188.jpg
0.0270812108215,0.00154741654096,0.000716598733958,0.956339150351,6.84474177838e-05,0.000418574458116,0.000326300384246,0.0135023012927,img_01198.jpg
0.00869803999991,0.0280299059279,0.00107605891104,0.941026313367,0.000746060194836,0.00276670498139,0.000849224062966,0.0168076925549,img_01204.jpg
0.0155361972272,0.000249952684312,0.00270660263146,0.977323174837,9.40634584672e-05,0.00154945580429,0.000694259802329,0.00184629355511,img_01208.jpg
0.12438671103,0.0567510920426,0.00216808726158,0.565411142459,0.00318585116407,0.00390566720392,0.00201507907119,0.242176369768,img_01211.jpg
0.859523169512,0.0906826512174,0.000997512318354,0.00310615292689,0.000799344346214,0.00433498609634,0.000755222717108,0.0398009608655,img_01213.jpg
0.504840280838,0.00644053412494,0.000691409662427,0.00132198401019,0.0116830386036,0.00455852217055,0.00236457787757,0.468099652713,img_01222.jpg
0.131980505922,0.018450233594,0.0447474284051,0.00662651245413,0.000514652553137,0.00707626059145,0.000443159447992,0.790161247032,img_01224.jpg
0.0323141942312,0.00134648913663,0.00134466304442,0.944689987483,0.000275816369147,0.00135968490319,0.00652248040536,0.0121466844267,img_01237.jpg
0.393827588426,0.00923943615793,0.00899001073466,0.524924388881,0.0257622079853,0.0103176501289,0.00202310068246,0.0249156170038,img_01249.jpg
0.0325931562299,0.0821315939277,0.0044310600113,0.0503504053776,0.00124969049939,0.0125816657268,0.00146233345122,0.815200094776,img_01253.jpg
0.687281868246,0.0371234718629,0.00344680569913,0.0732920163734,0.00355059031605,0.064196116059,0.00227173316242,0.128837398281,img_01286.jpg
0.426385318124,0.0119472363356,0.0022929675678,0.385556437082,0.00173072637357,0.11655757199,0.029688158837,0.0258415836898,img_01289.jpg
0.109810744595,0.0199613660758,0.00327390797859,0.779373081691,0.00163740458252,0.00266524593539,0.00282257713222,0.0804556720099,img_01325.jpg
0.617640172271,0.103593231031,0.00425692798381,0.0087177408354,0.00349732361173,0.0326067329166,0.00475251873414,0.224935352616,img_01328.jpg
0.473801264773,0.0239259083556,0.00699562379711,0.0717614316249,0.094269985674,0.307840474996,0.00541891306895,0.0159863977106,img_01366.jpg
0.974313675612,0.000589435240064,3.97104865529e-05,0.00519737257766,7.63422979081e-06,4.13162086723e-05,3.2302070602e-05,0.0197785535746,img_01371.jpg
0.214877528609,0.0362301140569,0.00984793189323,0.572623743081,0.0213679238144,0.039573814494,0.00278731104331,0.102691633008,img_01373.jpg
0.0805558878755,0.306879797685,0.00243652964589,0.589321500169,0.0118077248457,0.00729576637819,0.000427324106553,0.00127546929386,img_01377.jpg
0.93887457669,0.00850628406731,0.00387716386508,0.0232212975144,0.0114403748904,0.00677649664311,0.000402552897095,0.00690125343219,img_01379.jpg
0.766205059435,0.00651078620624,0.00848949096677,0.0125381102446,0.00096312755543,0.161888537287,0.00404390516212,0.0393609831432,img_01384.jpg
0.649774485819,0.318183087311,0.000420887502733,0.00373697646289,0.000249180883353,0.0166747531933,0.000149974934963,0.010810653893,img_01388.jpg
0.00209662338145,0.0813389934113,0.462635266725,0.00148882982771,0.0009205784204,0.00169428406173,0.00132453711471,0.448500887058,img_01392.jpg
0.00195465137588,0.673038386361,0.0588672986844,0.00171899983206,0.00134170933465,0.00334061694966,0.00104010985339,0.258698227609,img_01399.jpg
0.601313448283,0.00896988417525,0.000773323739471,0.00439200180463,0.363917096056,0.0096717373208,0.00263637739313,0.00832613122769,img_01404.jpg
0.297020786291,0.00651817964549,0.00711341601225,0.671978377036,0.000536021151141,0.0100627410446,0.000482226389813,0.00628825243016,img_01405.jpg
0.9956819762,0.000262785565758,0.00029015044197,0.000502673205348,4.60098721917e-05,0.000584340991783,5.24476890971e-06,0.00262681895421,img_01413.jpg
0.529176369896,0.285459042912,0.00212069293401,0.0491068457161,0.0016335922713,0.032922060908,0.00250014085508,0.0970812545069,img_01426.jpg
0.0766160803984,0.00331487221419,0.00145307303938,0.002120306395,0.896549878776,0.0107780228629,0.00393289551343,0.00523487080033,img_01431.jpg
0.009400348932,0.00109758387601,0.0436655005898,0.00897798149725,0.000596982973079,0.00199395432888,0.00222879356407,0.932038854239,img_01441.jpg
0.990068200403,0.000156853142483,0.000643455801299,0.00676460478979,8.36236935726e-06,0.000481115431484,0.000575736956148,0.00130167110671,img_01444.jpg
0.00236490122124,0.0168188875389,0.0695288134869,0.000166133118315,0.000284095002419,0.000612770451735,0.000287937259094,0.909936461921,img_01490.jpg
0.732023490097,0.0664032993125,0.00534178978147,0.108528876442,0.00179655103557,0.00408059618806,0.00138867738152,0.0804367197617,img_01495.jpg
0.00183491537807,0.00390531919984,0.000450206253134,0.990717113933,0.000256734501612,0.000451412655822,0.000534089971139,0.00185020810751,img_01505.jpg
0.980040329015,0.00489305132309,0.00292131855677,0.00386573483063,0.00186131443421,0.00346976678566,0.000181951918819,0.00276653313605,img_01511.jpg
0.00701600311629,0.00130233608035,0.000159185887097,0.00495679476516,0.00011073033681,0.971804314757,0.00305712396218,0.0115935110952,img_01519.jpg
0.854144131032,0.00131618009785,0.000653617153505,0.139440408782,7.44233059281e-05,0.000457046635943,8.28609610649e-05,0.0038313320317,img_01530.jpg
0.975169443552,0.000561563088406,0.000981525053303,0.00375187291253,0.000158518505191,0.0135119749788,8.57333799754e-05,0.00577936853,img_01537.jpg
0.956137972861,0.0142126517476,0.0023779259737,0.00039395995457,0.000487110867623,0.0216290897615,0.000269970785383,0.00449131804892,img_01538.jpg
0.0580027949918,0.00256086793959,0.000782042326044,0.913296664721,0.000167831254734,0.00431864600012,0.000702303414626,0.0201688493521,img_01541.jpg
0.971927728922,0.00294836248636,0.000310529422141,0.0204057564802,0.000166589894322,0.000618352305095,0.000708835815983,0.00291384467361,img_01543.jpg
0.989655660785,0.000309059098169,0.00023198542038,0.00632436497801,0.00013977886857,0.00182950097796,0.000591678449323,0.000917971422303,img_01548.jpg
0.710622045191,0.0156282941857,0.00648762177434,0.205742498205,0.000782972177686,0.00751300044037,0.00126439114649,0.0519591768793,img_01552.jpg
0.0159131878449,0.00123623499158,0.00294903264046,0.968690066964,0.00124343351077,0.00237841837544,0.000883079878318,0.0067065457947,img_01561.jpg
0.00962422292662,0.00107207917835,0.00400091140346,0.00126227238206,0.000160840416366,0.00108157535175,0.00443593346453,0.978362164877,img_01562.jpg
0.901280208543,0.000388354291978,0.00544845012538,0.0907243577428,3.4420904155e-05,0.000595160517411,0.000673313253614,0.000855734621479,img_01571.jpg
0.62804860823,0.0530829661081,0.00186828958352,0.003519420665,0.00369006935972,0.180455141113,0.0129263679476,0.116409136993,img_01593.jpg
0.0571122116639,0.0313622057337,0.00118427035142,0.854319667615,0.00103785155854,0.000714424341963,0.000580954361015,0.0536884143745,img_01595.jpg
0.957068026625,0.000494485635195,0.000960624336412,0.0215841491786,0.000193351025728,0.00345547878652,0.000524657221332,0.015719227191,img_01616.jpg
0.920533687667,0.00276017994578,8.70561421216e-05,0.00139042736613,4.85575924589e-05,0.0744091933116,0.000399441151643,0.000371456822823,img_01618.jpg
0.977251173716,0.00655074660182,0.00924152429174,0.000255115077914,0.00112489448548,0.002909969387,0.000951582535899,0.00171499390373,img_01627.jpg
0.877807085174,0.00226615320931,0.000837998388914,0.0880812650812,0.00117841327587,0.00435722717353,0.000468156788332,0.0250037009088,img_01632.jpg
0.852390502453,0.0053224695298,0.000313408134434,0.00996218856002,0.000160363734871,0.121026932515,0.00753174638003,0.00329238869213,img_01633.jpg
0.801785301843,0.153654458651,0.000459478901939,0.020384229795,0.00104723778505,0.000328521165075,0.00151151676761,0.0208292550906,img_01640.jpg
0.792542092568,0.0140627897124,0.00141709670937,0.167733525291,0.00226682784118,0.0134534607159,0.0013638310765,0.00716037608568,img_01646.jpg
0.658408354712,0.000410895788655,0.000669769277693,0.335562122858,5.1849165598e-05,0.000582348902339,0.0034564560765,0.000858203219434,img_01647.jpg
0.501626364197,0.0199706393216,0.000604338279051,0.40843669993,0.00239558374075,0.00405547740619,0.000982326869093,0.0619285702564,img_01649.jpg
0.000195503821676,0.00218334057424,0.437611619506,0.000146868995602,0.000176830151161,0.000155659689603,0.00171821626622,0.557811960995,img_01657.jpg
0.863130988768,0.00495976704784,0.000927641049563,0.00487105870374,0.0980814270252,0.0219314315364,0.00223631096625,0.00386137490289,img_01669.jpg
0.648146694692,0.0105506296953,0.00700870589188,0.133278256072,0.0045469241622,0.00713166847966,0.00558939701024,0.183747723997,img_01673.jpg
0.125303869851,0.00844891282881,0.00567993716977,0.112009876128,0.00180578449959,0.00432720971631,0.0024945336798,0.739929876127,img_01681.jpg
0.880180118285,0.0583609923141,0.00283878779856,0.00293758521214,0.00392552058884,0.00333120086109,0.000708031949891,0.04771776299,img_01684.jpg
0.773634210434,0.0044464699869,0.00564160430479,0.114249231255,0.00091780370475,0.0320137593607,0.00433702118972,0.0647598997638,img_01685.jpg
0.48794989564,0.0627767726715,0.00218592761558,0.00678567085846,0.000517428982039,0.00739148895659,0.00481993583564,0.42757287944,img_01687.jpg
0.29783652801,0.0348564903895,0.00250679885845,0.115877241342,0.00226343524217,0.484581390825,0.031640265615,0.0304378497179,img_01688.jpg
0.137402546712,0.00138080109173,0.0105334964748,0.00624009836585,0.00010895178676,0.00256325761257,0.000747722083038,0.841023125873,img_01689.jpg
0.00216186440953,0.00238135161635,0.000371765177414,0.991989606884,0.000104834680555,0.000311050516019,0.000195347685751,0.00248417902989,img_01716.jpg
0.647245575511,0.0214599585086,0.000646117846039,0.31546165412,0.00129121538498,0.000848649470709,0.00455583147568,0.0084909976826,img_01717.jpg
0.954824217153,0.00201324749752,0.00384593592849,0.00616505955341,0.000153370975922,0.0192753880722,7.95562109774e-05,0.0136432246088,img_01724.jpg
0.700881095682,0.00110514979078,0.285588084774,0.00180550260767,0.000160504709525,0.0024639105207,0.00053537377352,0.0074603781418,img_01745.jpg
0.963674418016,0.015594837242,0.00225032302937,0.00847563716659,0.000728308387162,0.00506487785594,0.000183270718059,0.00402832758462,img_01771.jpg
0.541832424069,0.00112915069593,0.000776052710521,0.00111026859398,0.000127911028393,0.00103110048805,0.230781733329,0.223211359085,img_01773.jpg
0.549077564845,0.0250673961011,0.00352606292024,0.167049584488,0.0681703939348,0.0540076985897,0.00176566603015,0.131335633091,img_01781.jpg
0.00726654125194,0.00320246638353,0.00095707180883,0.96879676399,0.00114932625755,0.00047477055692,0.000404509707819,0.017748550043,img_01782.jpg
0.996214093988,4.72724538611e-06,7.97447774238e-06,0.00216427992666,1.13040983398e-06,1.9073416874e-06,2.85595486639e-06,0.00160303065555,img_01802.jpg
0.000603037910598,0.00488000755267,0.978423048833,0.000323911584821,0.00106128468003,0.000472579571058,0.000465040573066,0.0137710892947,img_01803.jpg
0.418668541193,0.0169460770006,0.000760513165854,0.0227416843073,0.00244315491962,0.515552033064,0.00930589249446,0.0135821038555,img_01824.jpg
0.0134539413333,0.850287725577,0.000969079242319,0.126459060699,0.000894586262333,0.000326778823725,0.00224162964709,0.00536719841515,img_01825.jpg
0.905703250717,0.0177293755803,0.00100045938239,0.0433977559927,0.00894713957131,0.00841912977193,0.000255920605488,0.0145469683788,img_01831.jpg
0.49359246197,0.0146655849122,0.0166908756812,0.00170776375526,0.000268790808495,0.00461804029195,0.000294524977653,0.468161957603,img_01834.jpg
0.056329929734,0.00911031593006,0.000146643060497,0.00679300572409,0.00112068987015,0.00152940046827,0.00945108421399,0.915518930999,img_01847.jpg
0.817994416358,0.010367936429,0.00109797580652,0.00931657445797,0.000493585604413,0.00420578696797,0.00737794231554,0.149145782061,img_01853.jpg
0.996705417681,4.03317845015e-05,3.02819422085e-05,0.00179955759269,1.63262455989e-05,7.1487480115e-06,1.21538313704e-05,0.00138878217418,img_01856.jpg
0.80283243849,0.00183916433651,0.00224230853082,0.0136182240203,0.00084982595306,0.0128056791128,0.134113030182,0.0316993293747,img_01860.jpg
0.689387447433,0.00972187091021,0.0241855794041,0.0137175810642,0.00121789149113,0.234959914853,0.000857122824413,0.0259525920193,img_01862.jpg
0.22730189099,0.0078338115904,0.00479862028771,0.289730150232,0.00440811722617,0.410844094461,0.0215069511747,0.0335763640373,img_01874.jpg
0.138243202129,0.0626390062432,0.00498353370395,0.0255121900922,0.0260356232601,0.412325584695,0.00704948977074,0.323211370106,img_01888.jpg
0.817216547409,0.0254360871794,0.00201072613043,0.00363355524248,0.102911583077,0.0106504889914,0.00519354870667,0.0329474632634,img_01918.jpg
0.972098652044,0.00849096957833,0.000553270810054,0.0103992421157,0.000330280114344,0.00784980502792,6.5930587274e-05,0.000211849722423,img_01930.jpg
0.797241236641,0.00442439146312,0.0064512319041,0.0871539757891,0.00179821180468,0.0208155279823,0.000751031826989,0.0813643925891,img_01932.jpg
0.000857518671534,0.000653658791911,0.000147187040706,0.000667308819115,1.52489629723e-05,3.63516123325e-05,0.000394686457074,0.997228039644,img_01955.jpg
0.956577227262,0.000785931065193,0.000276399671428,0.0309689459109,0.000216103039247,0.000191344027776,5.6252447225e-05,0.0109277965761,img_01963.jpg
0.976754133769,0.0108632067235,0.000177214275558,0.000109496156601,0.00136571940486,0.000194554816339,0.000449569249273,0.0100861056049,img_01966.jpg
0.726026375382,0.016939847985,0.000986227058252,0.069087141344,0.00120788942394,0.00469073801803,0.000819772342682,0.180242008446,img_01976.jpg
0.7252114201,0.00306088759624,0.0107053996352,0.194397512435,0.000285773741838,0.00724302014155,0.000802272769923,0.0582937135805,img_01983.jpg
0.200315902488,0.0931092804589,0.0121108324586,0.00923178795641,0.00437836690263,0.0114227142649,0.00512487095193,0.664306244519,img_01984.jpg
0.0604362289245,0.226867921663,0.0107730074787,0.0237048522789,0.0419319219761,0.447374177079,0.0185516101851,0.170360280415,img_01995.jpg
0.0114816694154,0.00993970393627,0.00162060544376,0.0036621847007,0.00803313281677,0.936984630101,0.00708610951868,0.0211919640669,img_01996.jpg
0.895931414991,0.0598646675872,0.000232305713821,0.00475959393963,0.000342352665675,0.0292857625178,0.00192520573743,0.0076586968475,img_02001.jpg
0.438609978224,0.017302971773,0.118857178707,0.0606246437723,0.207787378599,0.0599269812111,0.00734191501301,0.0895489527007,img_02006.jpg
0.9765109468,0.00105595240124,0.000331416742927,0.00599633091696,0.00118807864844,0.00569174500666,0.000791257224817,0.00843427225869,img_02066.jpg
0.916953467029,0.0324280959199,0.00237660171701,0.00525517534392,0.011432944605,0.0118435734172,0.00022703233329,0.0194831096349,img_02074.jpg
0.217497436259,0.0958530060803,0.00554670552255,0.599899071629,0.00308649693697,0.0106512182951,0.00475034384023,0.0627157214366,img_02076.jpg
0.921778942773,0.00416273646872,0.00125861608294,0.0133821975257,0.0303902858517,0.0196070865498,0.000761333755033,0.00865880099271,img_02077.jpg
0.0189721630474,0.000266847133582,0.000347605668199,0.936269603814,9.87150806763e-05,0.0001764317552,0.000103920441759,0.0437647130591,img_02078.jpg
0.0863270964698,0.00156536410132,0.00180296978752,0.892663878134,0.000859437384044,0.00216736699317,0.0065674212145,0.00804646591559,img_02082.jpg
0.000824516162694,1.22099865934e-05,2.81069380559e-05,0.99864089914,1.34522090895e-05,7.71742175706e-05,0.00012903328775,0.000274608058636,img_02083.jpg
0.976071493364,0.00390146758604,0.0015432037705,0.000632737091192,1.35621345046e-05,2.63961510674e-05,0.00112318986063,0.0166879500423,img_02096.jpg
0.213959081379,0.00958157268239,0.0432401204828,0.00911301862719,0.00278861627199,0.666945885102,0.00200236296057,0.0523693424935,img_02119.jpg
0.487908592458,0.0135991519147,0.00419950368934,0.0252421813679,0.00507993874325,0.103960193216,0.00796910218396,0.352041336427,img_02124.jpg
0.0174640576195,0.00179986269222,4.36675699295e-05,0.979975827933,2.19533327972e-05,7.38795101546e-06,0.000124758146763,0.000562484754571,img_02135.jpg
0.948791230521,0.00047892004316,0.000201879903114,0.041720979986,2.64101988615e-05,0.000171820392383,6.10536388419e-05,0.0085477053163,img_02146.jpg
0.346939166087,0.12459221579,0.00670374027288,0.307137951701,0.0259142638109,0.168585857144,0.00405792143603,0.0160688837588,img_02159.jpg
0.98255574672,0.000184221253201,0.00071206621372,0.00574155854659,9.81712752098e-05,0.00441233478204,4.29181537768e-05,0.00625298305594,img_02172.jpg
0.134046416575,0.0756365846445,0.00618410617666,0.0407630417162,0.0109656130395,0.599300913101,0.0115030439069,0.12160028084,img_02180.jpg
0.409993821975,0.00812891024531,0.000342295869988,0.00120918905464,3.00946832182e-05,0.000457797209991,0.00324118449373,0.576596706468,img_02188.jpg
0.616091286979,0.00410916958803,0.00386074412555,0.0614665461453,0.00146952399391,0.00495218314342,0.00182081865572,0.30622972737,img_02194.jpg
0.842592294714,0.00464343145055,0.00177472383726,0.0377466033707,0.00173386186051,0.038812690728,0.00546591718689,0.0672304768517,img_02209.jpg
