ALB,BET,DOL,NoF,LAG,OTHER,SHARK,YFT,image
5.87361967576e-05,4.3464656009e-07,0.000122949091084,0.999776225762,5.49216902265e-06,5.10313680648e-06,2.24165462554e-05,8.64245124963e-06,img_00005.jpg
0.978978752706,0.0075121106789,0.000942962761229,3.63933828634e-08,1.23905463164e-05,0.00366000735338,0.00836240766687,0.000531331894253,img_00007.jpg
0.964264697832,5.78952974764e-06,1.60362601686e-05,1.68572664515e-10,1.03227475801e-07,0.0356865832477,2.6788927488e-05,8.0676257232e-10,img_00009.jpg
0.99727277233,0.000175395308962,0.000611957693355,1.765700829e-12,0.000988466766785,3.69626165047e-06,0.000947709730034,1.90756442954e-09,img_00018.jpg
0.0347428855768,4.18567958141e-08,2.25524230154e-07,0.000969410855736,5.82966766214e-05,1.07425108385e-06,0.00317915649905,0.96104890876,img_00027.jpg
0.00266021495705,0.0447681354748,0.000115329947523,0.0225759749967,0.000189404518454,0.00894878562376,0.920739492231,2.66225087772e-06,img_00030.jpg
0.815746261191,0.00243621941109,0.000674238496094,0.0809716530326,0.000847265164508,2.75724194108e-05,0.015837289572,0.0834595007136,img_00040.jpg
0.999948201361,1.60858384948e-07,1.23779002761e-05,1.96367928795e-05,1.49461294551e-05,1.41469063288e-09,4.67484393584e-06,6.99160304608e-10,img_00046.jpg
0.97922804341,0.0085183693223,0.0032871221957,3.02480815447e-05,0.00884856856134,1.62555311723e-05,2.78143512651e-05,4.35785468148e-05,img_00053.jpg
0.00049641002287,0.360551248103,3.6930590388e-05,2.68687031224e-09,0.638912535363,7.9234755044e-07,2.07785280397e-06,3.03391679051e-09,img_00071.jpg
0.995414015542,1.8862352472e-06,0.00373602489328,0.000147269540412,4.80840552387e-05,0.000482081186362,1.61256594234e-05,0.000154512888427,img_00075.jpg
0.307041545635,5.07691141988e-05,1.6440644909e-05,0.00011400657594,0.000474670526617,0.000607482754757,0.000550544757297,0.691144539992,img_00102.jpg
0.994908759943,2.13895039941e-08,0.000635559540059,3.13294732511e-07,0.000138110377005,0.000298342977075,3.16028854981e-08,0.00401886087559,img_00103.jpg
0.993630144182,2.13734024948e-06,0.005125105537,7.90722747803e-07,4.2863383285e-07,8.79679916353e-09,0.0003058740753,0.000935510712209,img_00109.jpg
5.58451423232e-05,1.57615025072e-06,6.88333116036e-05,0.999277481679,1.96106912889e-05,5.67857355328e-06,7.12117586346e-08,0.000570903240375,img_00119.jpg
0.0161192007984,0.000357002626925,0.000883480531886,2.32385780509e-05,0.00115330241194,1.5244100591e-08,0.00346858011123,0.977995179697,img_00120.jpg
0.764237327837,0.000101435807984,0.077973967459,6.01467766542e-05,1.2429471949e-05,1.24149441022e-05,9.34594366978e-05,0.157508818267,img_00125.jpg
0.000158144331721,0.0875401323717,0.899612078803,1.44310394928e-06,1.32512717999e-06,0.000581793527546,2.74828343087e-06,0.0121023344519,img_00128.jpg
0.878587264861,0.00225888109349,0.00366554876849,0.0429664073741,0.0105192924123,9.59842905745e-05,0.0387451491468,0.0231614720537,img_00129.jpg
0.840574245829,1.65821187805e-09,7.87748599258e-07,0.145717036849,0.013610157577,5.04413486625e-05,1.18624747952e-06,4.61427425675e-05,img_00133.jpg
0.979188028695,0.0171346959494,0.00320343296287,0.000215906340869,0.000234927120014,2.07063202996e-05,2.16946691038e-06,1.33144539055e-07,img_00138.jpg
8.47007558396e-07,4.28944944341e-05,0.000235984934123,4.27231782564e-05,1.66389029083e-05,1.66549475253e-05,0.000270367957989,0.999373888577,img_00141.jpg
0.993187539827,1.41285294039e-05,0.00297506480621,1.08789256356e-05,3.12975401286e-05,0.00331622595243,6.62829396744e-06,0.000458236124926,img_00152.jpg
1.62524231322e-05,7.7950611955e-06,0.000505361098026,1.59524405579e-08,0.00249547061871,8.18609935294e-05,0.000206597968037,0.996686645885,img_00161.jpg
6.32830243089e-11,5.74660099238e-05,5.07925944619e-07,0.796882433928,6.309124369e-07,9.9256246159e-06,0.000595225276363,0.20245381026,img_00164.jpg
0.822906332013,1.23551627321e-05,3.53606286748e-05,0.0319382296185,0.000214386955618,8.57163068771e-08,1.29938826375e-06,0.144891950517,img_00170.jpg
0.275199967834,2.98738202259e-05,7.4225525352e-05,5.16277427833e-05,0.00279778683345,0.721808463878,3.85737345586e-08,3.80157916451e-05,img_00171.jpg
0.482337145799,3.78960354309e-09,6.63735145747e-05,0.517582617442,5.5482184874e-06,4.85912427148e-08,7.73266824202e-06,5.29976747893e-07,img_00172.jpg
7.47999960694e-08,0.000168497269995,0.00381180745642,0.000696014915277,0.00581202616678,0.936195382373,3.18295214173e-05,0.0532843674967,img_00175.jpg
0.405024132526,8.73524584765e-05,4.87386887133e-05,5.20474997433e-05,3.44719109865e-06,1.49715652761e-06,3.21291484473e-05,0.594750655331,img_00180.jpg
0.458365925376,0.00151593961907,5.31088774847e-05,0.539942479384,4.83831881144e-05,7.08390221873e-06,6.91985889804e-07,6.63876677214e-05,img_00196.jpg
3.55436086043e-05,4.6750209045e-06,3.11156033354e-05,0.823846807958,0.000519285803614,4.26812899776e-05,0.000419891680495,0.175099999035,img_00212.jpg
0.548474893563,4.52498356418e-08,0.000529774269239,4.12296261301e-07,0.000274518213676,0.450711518892,4.4522240035e-06,4.38529221377e-06,img_00223.jpg
0.835318753746,0.00116313709531,9.30169314544e-05,2.00134489452e-10,3.74961571647e-05,4.95550709204e-06,0.000345128419137,0.163037511944,img_00230.jpg
1.17083412647e-10,0.000460942811872,1.10311769428e-06,3.19097077065e-08,2.38186924076e-05,0.00175133538132,0.997757821221,4.94674843232e-06,img_00232.jpg
0.892099373199,8.54579078721e-05,3.47000352444e-05,1.05902984217e-06,3.10991466571e-05,0.0909467779888,0.00100492154275,0.0157966111498,img_00244.jpg
0.976215247608,0.021181434349,0.000555739212883,4.03324790222e-05,0.00046441378541,0.000697661292385,1.59094384279e-09,0.000845169682231,img_00272.jpg
0.9769844461,1.05577199675e-05,0.00228692818294,0.0197125482778,1.91853522218e-06,0.000616195210119,9.9382467772e-06,0.000377467727224,img_00280.jpg
0.827811811008,6.37045537322e-06,0.000140137666187,2.60101834674e-05,0.00999437282793,0.162020749553,2.40052334138e-07,3.08254364758e-07,img_00282.jpg
0.000408354254686,0.0165800228793,6.50083140718e-06,0.0149818137559,3.17820370175e-05,0.000200325077444,0.000354753387706,0.967436447777,img_00285.jpg
0.982463173753,8.78761071238e-06,3.55014666072e-06,0.000999011861099,0.00548854440623,0.0109482431172,7.0584077679e-05,1.81050269444e-05,img_00289.jpg
1.05951124864e-05,2.29666921904e-05,1.62874950219e-08,0.0940762511818,0.000119315306796,0.031407284459,9.64921533767e-05,0.874267078807,img_00292.jpg
0.0851805244687,0.000285059165477,0.00016516681811,0.712317668859,0.010618435656,0.000135047604001,0.152192100753,0.039105996675,img_00302.jpg
0.744244363056,0.255731543088,3.77624127767e-07,3.04960814227e-11,1.83254160907e-05,3.71334242529e-09,5.18031203974e-06,2.06759369944e-07,img_00311.jpg
0.998920037193,0.000310727354234,2.82822934227e-05,2.84263334481e-07,5.41190017389e-05,2.45376824153e-06,0.000684045046031,5.10797249796e-08,img_00320.jpg
0.995680589234,2.82564303467e-07,1.81842517684e-05,0.00365672849593,2.69828211774e-05,3.06360675682e-06,0.000612273409452,1.89561660451e-06,img_00331.jpg
0.0144158874221,0.000219903613457,2.10635139649e-05,0.0645838848976,0.00934107432694,0.00525710110379,0.0210568178616,0.885104267261,img_00358.jpg
0.518088080225,1.37041531282e-05,0.000341230913346,6.2215371797e-08,5.45295852689e-06,0.000291295297812,0.00016099165629,0.48109918258,img_00374.jpg
0.0211536214492,0.0441172870687,0.651745166087,0.000746847894692,0.0520291989807,0.131477921173,0.0256042431041,0.0731257142433,img_00375.jpg
0.503716198485,4.41983531398e-07,0.00012807991157,0.000194479871269,1.51112393318e-05,2.3675398547e-06,0.000458099998672,0.495485220971,img_00376.jpg
8.37781882048e-05,0.0582324195513,0.106520951862,0.826779644065,0.0056369538051,0.00258829814951,0.000153673020572,4.28135864448e-06,img_00380.jpg
0.990012357161,5.47658219511e-06,1.28468477234e-06,6.0014132663e-09,0.0091979120583,4.25878160627e-07,6.71589651082e-05,0.000715378669392,img_00383.jpg
0.000151268147226,0.96290111077,2.74119974083e-07,0.0175428005197,2.39477022655e-05,3.13095788095e-07,0.0180514724089,0.00132881323633,img_00398.jpg
0.984714692593,0.00263221841493,0.00261909655194,2.13014118807e-06,0.00795273969773,0.000135417067549,2.4781317489e-06,0.00194122740179,img_00407.jpg
9.69360317986e-11,2.09853429885e-06,1.21557964545e-09,0.486897246656,1.40930184349e-07,2.87351857806e-10,8.30438757044e-10,0.513100511449,img_00417.jpg
0.00258088950632,0.000268468795664,9.98885671627e-05,0.000199699397265,8.82563587206e-05,0.883773699291,0.0015102151144,0.11147888297,img_00432.jpg
1.29803148502e-05,0.0150567190793,0.000763038648427,5.73974966491e-08,0.00123238769413,8.91436802983e-06,0.000150638937026,0.982775263561,img_00442.jpg
0.989646144307,4.19855209345e-07,8.00032668408e-07,0.00189364610545,4.05290534041e-05,0.00088883941392,1.82009179036e-05,0.00751142031434,img_00446.jpg
0.0144180863804,0.000212496911022,0.10971040093,0.00206492483553,0.000362996842893,0.00101799910832,0.000171572690655,0.872041522301,img_00469.jpg
0.999954198059,6.41470544735e-08,1.64999145017e-05,1.01446261586e-05,9.81761141608e-07,9.05187973942e-10,1.80048148238e-05,1.05772254641e-07,img_00473.jpg
0.516639676984,2.42003592942e-08,4.28359875973e-05,0.18660917398,9.4356088875e-05,1.39767244968e-05,5.41375883558e-06,0.296594542275,img_00483.jpg
7.289784337e-06,0.000214406803365,0.000364973255052,2.57112072392e-06,0.000878030737483,1.41848296869e-09,6.30804344962e-05,0.998469646446,img_00484.jpg
0.9736481999,0.00109092488943,0.0207877707012,0.00184562751529,0.00243688523002,0.000189922180411,6.69583226304e-07,7.37017664062e-13,img_00486.jpg
0.499027678962,2.74293844674e-07,2.82457988402e-05,0.500140261556,0.000797279574631,5.88206643792e-11,6.25975567073e-06,3.76579878577e-14,img_00487.jpg
0.000304452693329,0.000271382280876,0.000919258743625,0.987852395714,7.05871283257e-06,0.000672362899345,6.07525163781e-06,0.00996701370397,img_00493.jpg
0.995340023769,5.62336880835e-05,0.00416865563833,4.00374439565e-06,5.70415735335e-05,8.81279037952e-07,0.000372824349811,3.35958059469e-07,img_00518.jpg
0.702046470156,0.000594009581064,2.59617630389e-05,0.0807257123641,0.00110150550851,2.85718074384e-06,6.09503230661e-05,0.215442533123,img_00533.jpg
0.997993910591,1.84832780455e-07,4.13729318347e-06,0.000111499787889,2.83789830689e-05,7.93549325886e-05,0.00178203127303,5.02306098368e-07,img_00538.jpg
0.993561829107,0.00637785210379,3.41318762861e-08,5.72182448855e-11,5.13985655659e-05,1.50720417872e-07,8.7293869471e-06,5.92668748789e-09,img_00543.jpg
0.933997571381,3.17932583991e-06,0.000369868566129,6.48513596861e-07,0.000234133332907,0.0608022794581,0.00116714792459,0.003425171498,img_00550.jpg
0.371221396545,5.18421076207e-06,0.000201727161619,9.90073863072e-06,2.98822728361e-05,0.440060550361,1.72862417194e-05,0.188454072468,img_00551.jpg
2.05347226183e-06,2.07471829389e-05,0.00199180161463,0.996205965774,0.000224725205998,0.000256762220939,0.0011507569295,0.000147187600121,img_00564.jpg
0.0769481103523,3.47862277318e-07,1.16088411354e-05,0.00147676884688,0.00108658349465,0.804386255254,0.0612959073244,0.0547944180239,img_00575.jpg
0.251134312545,0.00506225273778,0.00476545313996,0.147612431556,0.000105256395127,0.587965455244,0.000497212052181,0.00285762633044,img_00582.jpg
0.99185949834,0.00366122591854,1.87768489384e-05,2.10095340595e-06,9.06561065751e-06,0.000257533602476,0.00419179845846,2.67881053223e-10,img_00584.jpg
0.0172655024697,4.73725798522e-09,9.10059232559e-06,0.0401500695151,5.48750386167e-05,6.02656317785e-08,0.0946754991158,0.847844888266,img_00587.jpg
0.0187318877407,0.000392207925169,0.0017862369204,0.0112674763462,0.0028368100014,0.134499835073,0.00290481172065,0.827580734273,img_00590.jpg
0.512859726317,4.20859969892e-06,1.58217138738e-06,8.45245640346e-08,1.76319647494e-05,0.0184731648321,0.000251820396745,0.468391781194,img_00591.jpg
0.996865079105,7.01694370321e-07,1.52626708781e-06,1.37285980066e-07,0.000516976150771,0.00242576647629,1.50417789252e-05,0.000174771241759,img_00598.jpg
0.0182872043682,1.75956859343e-05,1.70139610806e-05,0.000559113009352,5.85283214753e-06,0.00034386510469,0.00219150485539,0.978577850183,img_00599.jpg
0.368506686056,0.000298122114915,8.1140903942e-07,4.14456093908e-07,0.000875973330093,0.036420866367,0.593876659888,2.04663787576e-05,img_00612.jpg
0.997230615559,3.03801682045e-09,1.28177071155e-05,0.00136940508878,0.000423533929872,5.20772582563e-05,0.000547602008907,0.000363945409938,img_00618.jpg
0.996613304491,0.000175163948754,0.000535278299224,2.68100501031e-05,0.000107522474472,0.00250327058408,3.86501432465e-05,8.92472673845e-12,img_00620.jpg
6.99167034728e-06,0.0120192478219,0.0651829941091,0.000139995518059,0.922347547346,6.0125134568e-06,0.000296802232021,4.0878958852e-07,img_00642.jpg
2.18456259559e-08,9.04705088233e-05,0.000122409745873,0.000332513098666,0.000143012348265,0.000745145332604,0.00107971377384,0.997486713346,img_00646.jpg
0.998110421748,0.0017638230291,2.5182446514e-07,8.13094135802e-10,1.67888733236e-05,1.37284816038e-09,9.89848167862e-05,9.72752251092e-06,img_00648.jpg
0.000202732574096,2.34776494479e-06,6.21319968906e-05,0.0245611763457,2.17663179117e-05,0.0217120728018,4.63747201019e-05,0.953391397479,img_00650.jpg
0.971176916183,1.03430240966e-05,4.80925875109e-05,4.08127441431e-05,0.000770594032072,0.0279484842141,8.74165765592e-07,3.88304980947e-06,img_00654.jpg
0.998280124006,1.69767613983e-06,1.47015087157e-05,6.65327041981e-06,8.25138232641e-06,2.57673584525e-06,0.00156724446405,0.000118750956572,img_00664.jpg
2.81889096214e-07,0.018001277112,6.79378975708e-05,0.981677585141,0.000172767916755,6.53959731373e-05,1.79099330437e-06,1.29630771718e-05,img_00667.jpg
3.92437502883e-05,7.98729117908e-06,3.49065254707e-05,0.999843117905,5.57091451885e-05,3.1244796702e-06,3.19314676644e-08,1.58789717496e-05,img_00676.jpg
2.18184330471e-06,0.0027348107888,0.0384222715817,0.00019722355636,1.12215930999e-05,3.275142038e-07,9.00312056069e-05,0.958541931917,img_00697.jpg
0.716136379244,2.13070059082e-05,6.95754609271e-06,0.00377010303198,0.00187292931219,0.275858546658,0.00232329442218,1.048277976e-05,img_00708.jpg
8.36304425401e-06,0.403970327495,5.28024014001e-05,0.00286015724038,0.00279917932964,0.520527623794,0.0026611572316,0.0671203894635,img_00716.jpg
2.0654916232e-06,0.842711754959,0.000108086267181,4.16296393306e-05,0.00142899997672,0.155350568026,9.95795038434e-05,0.000257316136551,img_00717.jpg
0.103995929898,0.00047921152049,0.000223683302442,1.04189480657e-05,7.25536470623e-05,0.0511392546722,0.0013741290385,0.842704818974,img_00718.jpg
0.53729878696,0.0494521353726,1.02999126339e-07,0.397670106966,0.00845319181776,0.000328380764163,0.00679556261316,1.73250647847e-06,img_00723.jpg
0.207576382512,3.62271670885e-07,1.81680821379e-05,0.000996632528262,1.01196804973e-05,3.40650778372e-06,0.527347776567,0.264047151851,img_00724.jpg
0.999082906288,2.1962049184e-06,1.43021755437e-05,2.58606786845e-06,6.88082926584e-06,2.78251685152e-09,0.000876219539361,1.49061121571e-05,img_00726.jpg
0.974368021022,1.63859801067e-06,0.0170018589241,0.00855085732829,5.5163719214e-05,3.79932931524e-06,1.5000605221e-05,3.66047394503e-06,img_00729.jpg
0.0851455329405,1.63713573548e-07,1.68598637666e-05,6.50756821361e-06,4.26332472576e-05,1.07589525728e-11,0.0092251743311,0.905563128325,img_00730.jpg
0.980807868666,7.26661188144e-06,0.000321582045595,3.02690315506e-06,0.00354076233979,1.14606710478e-06,3.96119371088e-06,0.0153143861725,img_00757.jpg
0.965911600934,7.58133202219e-05,3.58034181064e-06,2.76916045203e-10,0.0340011447383,3.86694977097e-06,3.81204649349e-06,1.81392368865e-07,img_00760.jpg
9.31671139303e-06,0.000114241122532,2.16162939056e-07,0.879680245785,3.75316618688e-05,1.43381036845e-07,7.30663072219e-05,0.120085238868,img_00763.jpg
3.63832053654e-14,0.0492157952106,0.00253524766011,0.547598344356,0.0013635577272,5.02421536016e-06,0.000238565897708,0.399043464933,img_00764.jpg
0.000678277429284,0.00015755615435,4.23928769298e-05,0.15505998339,0.0113930959522,0.426572329785,3.26361475683e-05,0.406063728265,img_00765.jpg
0.254543686542,0.000378629442667,0.739834530805,0.000218195430622,4.8627417241e-05,1.52117223602e-05,0.000159321226886,0.00480179741355,img_00772.jpg
0.00264806761832,0.00344965563406,0.978491508682,0.00738785097005,0.000524190964256,0.00749857928728,1.44877879786e-07,1.96626234938e-09,img_00773.jpg
0.616219969206,1.46256555014e-05,2.50953682615e-06,0.000154990229781,0.000774696547024,0.382166303197,0.000666905463113,1.64286996028e-10,img_00777.jpg
0.00235437914714,0.00205922824447,0.00104736521612,0.00296940664299,0.000278564800742,0.0139254426916,0.000250338045144,0.977115275212,img_00780.jpg
0.952661166556,2.78693641094e-05,8.37952901178e-07,0.000132331689702,0.000325005709323,0.00147019558648,2.20579700108e-05,0.0453605351715,img_00798.jpg
0.99858517989,1.05717405411e-05,5.44620833091e-06,0.000322364622239,0.000215419878087,4.05068455129e-05,6.88597417393e-08,0.000820441955639,img_00808.jpg
0.998872911376,7.26613803506e-06,8.63701373436e-05,0.000236183900728,0.00013393171314,1.36768699308e-07,5.68207174374e-05,0.000606379248773,img_00816.jpg
2.61544053102e-06,0.00668500011031,1.18006291646e-05,0.99276984054,0.00051380049608,1.56694054001e-05,8.97643287891e-07,3.75734959961e-07,img_00828.jpg
0.967212063996,2.74353575465e-06,0.000270184940939,0.000414686048341,0.000311934827631,0.0277852350153,0.00400273235109,4.19285071767e-07,img_00833.jpg
0.999657817384,1.80480856661e-05,8.49229362253e-07,2.34007161193e-06,7.49096459901e-05,0.000232773247642,9.22452132312e-06,4.03781400599e-06,img_00837.jpg
1.43206573283e-06,0.0021374973886,0.000550466805602,6.318566444e-08,0.000811191590438,9.34134261255e-05,0.000664377481088,0.995741558057,img_00855.jpg
0.999510012316,7.3374232326e-05,0.000155397627979,2.90012932292e-08,8.16160522536e-05,3.80986212705e-07,0.000179167645685,2.21385477356e-08,img_00857.jpg
0.996746989404,2.40941717565e-08,6.93943199104e-06,0.000194463197101,7.06465974561e-06,0.00116098473627,0.000938696577885,0.000944837898756,img_00858.jpg
0.727202551305,0.00275475762035,0.00466253843971,1.45299940459e-05,0.000896732820872,0.264466885823,1.97851141036e-06,2.54854347878e-08,img_00865.jpg
2.44148623263e-10,0.000438147921063,9.71580471629e-05,0.998416479161,0.000170135631772,0.000610070600361,2.76081507176e-07,0.00026773231288,img_00876.jpg
0.0597690194863,1.7306150371e-06,0.201869780442,0.378649116265,0.00180506973613,0.0005008864264,0.0113904281554,0.346013968873,img_00889.jpg
0.0634709122959,0.000102010752376,0.00166648696093,0.00614171654693,8.73577209509e-05,0.0724534663174,3.26837209108e-06,0.856074781033,img_00894.jpg
3.76409355181e-13,0.174612135439,2.14002106601e-06,1.31546755364e-08,7.69862732827e-05,0.00802910362498,0.817276004178,3.61730793544e-06,img_00902.jpg
8.3528311716e-07,6.78908303565e-06,7.34694430893e-05,6.56984438485e-07,0.00129572552386,6.56646565765e-07,0.000120385464319,0.998501481572,img_00914.jpg
0.977353782852,2.11425967836e-08,6.47439741553e-05,0.000114605918278,9.39149222397e-06,0.0213979853483,0.000669922613075,0.000389546659423,img_00921.jpg
0.977306508297,6.45658598637e-05,0.000676776006278,0.00275730018546,2.59895047355e-05,0.0134271070286,0.00429758026574,0.00144417285246,img_00927.jpg
0.594383771179,3.97969790168e-08,0.000104333537155,0.0365638249124,0.000268550662658,4.29862305459e-06,1.25553009088e-05,0.368662625988,img_00943.jpg
0.810042883975,4.08660452172e-06,2.13512977042e-05,0.189901759011,2.12765089101e-05,1.06658205638e-07,3.28146934757e-06,5.2544758352e-06,img_00948.jpg
0.0218048338613,8.02235110584e-08,0.00183424845721,0.974630403587,1.58407823042e-05,0.00164799508071,8.9207279167e-06,5.76772796747e-05,img_00950.jpg
0.804682449508,4.0233081966e-07,0.000263618102075,6.33764151158e-07,1.99366978999e-05,1.79084300341e-06,8.17920933488e-07,0.195030350833,img_00959.jpg
5.52718249118e-13,0.178369743195,0.000191023859086,5.44554139581e-06,1.81381487866e-06,9.07150464307e-05,0.000194552035799,0.821146706507,img_00962.jpg
2.21725814429e-05,0.00158413558901,0.998192173192,1.17629897844e-07,8.97285324334e-06,0.000172584471899,1.93034875065e-05,5.40194999031e-07,img_00964.jpg
0.000114941440211,3.95473568839e-07,8.40226627566e-05,0.990121860592,0.000417939012109,6.75494398933e-06,1.89588308089e-06,0.00925218999276,img_00966.jpg
0.00720836093532,0.992100430303,0.000413648956373,7.27907681852e-08,0.000228549660576,1.75857364404e-05,3.08856787525e-05,4.65938396342e-07,img_00974.jpg
5.3939802199e-07,0.00322195173616,0.0125819174334,1.43637651791e-06,1.46009165553e-05,4.58135966546e-07,2.93623579899e-05,0.984149733645,img_00979.jpg
3.19582596646e-08,0.00913615848327,0.000205929569376,0.979451258654,0.000100468003661,0.00527741440916,5.4955936078e-05,0.00577378298634,img_00982.jpg
4.48777858658e-07,6.44482647411e-06,2.32920043916e-08,0.00663085656067,4.64278007731e-05,0.000127271199039,4.33776330766e-05,0.99314514991,img_00985.jpg
0.511473206286,0.000246569573862,8.16184667879e-06,3.08370038425e-06,0.00011706570815,6.53782224041e-06,0.000652018198985,0.487493356863,img_00999.jpg
0.578170841784,1.91211384306e-05,2.29871459509e-07,0.4211106298,8.08045972726e-05,0.000431464527701,1.03726770831e-05,0.000176535603239,img_01022.jpg
0.99753875891,4.68167578608e-06,3.07208925844e-06,0.00035360785384,0.000103690876237,0.0015949228337,1.29185285231e-05,0.000388347232674,img_01031.jpg
0.975076770082,2.03264918025e-06,8.00062395334e-07,1.79677798716e-07,0.00191626685906,0.0230015286865,2.42172480336e-06,2.5812968858e-10,img_01035.jpg
0.000134079406159,0.881263431091,6.08469901371e-05,0.111694004327,8.6631692922e-07,0.00644629756508,0.000400474302942,3.72364641272e-13,img_01043.jpg
0.012553072005,5.72182071977e-05,1.65277386878e-06,5.11424272702e-05,3.26912632609e-06,8.514183398e-06,8.82329055421e-05,0.987236898371,img_01058.jpg
0.0254697253858,0.0270981642564,0.000158690435402,0.00559046580843,0.00264036283243,0.0305321433822,0.537990355005,0.370520092895,img_01059.jpg
0.00568980809284,0.00112078577177,0.000230671712884,0.992450189478,0.000133359650933,5.33476293955e-07,0.000366042790008,8.60902719218e-06,img_01090.jpg
0.0188840546671,0.000283005945904,1.55776240516e-06,0.000128303885399,0.00707982013516,6.8130088018e-08,1.12569211724e-05,0.973611932553,img_01102.jpg
0.294853335881,0.686258153957,0.000135673633245,2.86220502931e-11,1.54396171659e-06,0.0186208835976,6.37759061556e-05,6.66330341016e-05,img_01103.jpg
0.995271366402,0.00335523679905,0.000140642867774,2.75267935166e-05,6.78212427095e-06,0.00114796412098,5.0466618703e-05,1.42732486295e-08,img_01116.jpg
0.821959095866,7.92084022176e-05,1.11106661997e-05,2.39483469585e-06,6.80652796571e-06,0.0215378014981,2.08866027313e-05,0.156382695602,img_01134.jpg
0.976694691987,9.86057459762e-07,6.64390859348e-05,0.0213680132668,9.68251109582e-05,0.00112784984257,0.000343244368068,0.000301950281239,img_01142.jpg
0.00105635663823,1.31364954433e-05,9.49382458535e-07,2.52863703004e-06,0.00138195414848,0.973279897755,1.7622808624e-05,0.0242475541343,img_01168.jpg
0.0268978691884,0.0031540039196,0.000116859144203,0.330298289244,0.000208054139786,6.09449552324e-07,0.0893573917043,0.549966923211,img_01171.jpg
0.752608121749,1.62615340231e-05,7.18952968235e-05,0.0123196686153,0.000188123707105,0.00110682769955,1.03565286924e-06,0.233688065745,img_01177.jpg
0.964376815609,0.0248714241435,0.000177608034688,0.00997360325319,0.000138033672181,0.000462507284592,6.3380982613e-09,1.66435748112e-09,img_01179.jpg
0.0112277686499,0.000170942447113,0.000106135219317,0.0182946671772,0.0116570372801,0.859946400406,0.000262860004572,0.0983341888161,img_01188.jpg
0.0464731753895,0.0657096386375,0.00118965854932,0.837843307741,0.00033375102527,8.58667472629e-06,0.000217655208026,0.0482242267747,img_01198.jpg
1.43919771611e-11,0.799062393248,0.000414565303845,0.199122909826,0.000170830371436,0.000581875049281,1.88258764046e-05,0.000628600310853,img_01204.jpg
0.0403680821953,7.07759574242e-07,0.00105796740482,0.958459090292,9.96957179622e-06,5.03872091718e-05,3.86099015073e-05,1.51856658195e-05,img_01208.jpg
3.66241329299e-07,0.000229983860881,2.97947676495e-07,0.518374259457,0.00111888896474,5.71376078412e-07,9.01396508563e-07,0.480274730756,img_01211.jpg
0.992185574272,0.00680043612654,3.72262283528e-06,3.21169148083e-09,4.79401155533e-05,4.68933973737e-06,5.98717045367e-06,0.000951647141127,img_01213.jpg
0.934789978044,0.000323884600316,1.20460961936e-06,1.01840245788e-08,0.000337978346258,8.63890844422e-07,0.00130612591442,0.0632399544103,img_01222.jpg
1.57767740803e-07,0.0462787587572,0.00523428080309,5.81359787925e-06,0.000118718214638,3.56782170147e-05,5.73713535582e-07,0.948326018929,img_01224.jpg
0.107178621235,7.16612847956e-05,4.87660573359e-05,0.872577859861,0.000300148894708,1.7395415499e-06,0.0183339389333,0.00148726419273,img_01237.jpg
4.62057339031e-05,0.000262680141553,0.575057495823,0.0786188456813,0.341998043267,0.00392781588282,3.90721401406e-05,4.98413304543e-05,img_01249.jpg
0.000726422311894,0.00243685160329,0.000647630895111,0.000947219188083,0.000921352552881,3.03153111011e-05,0.000404528448394,0.993885679689,img_01253.jpg
0.00284376905792,0.762584542107,0.000191774865901,0.023674768419,0.000411935195651,0.162294893707,1.75335924542e-05,0.0479807830548,img_01286.jpg
0.0428526079514,0.0294073029695,0.000295484813401,0.117598199603,0.00144260706737,0.743750094122,0.0594185948443,0.00523510862883,img_01289.jpg
0.00355374016786,5.90106615561e-05,4.94825869006e-06,0.00938832794442,0.00013826106191,1.43445872686e-05,7.64855078289e-05,0.98676488181,img_01325.jpg
0.532460054757,0.00164056001584,1.96050304076e-07,1.56635744368e-07,1.66474940209e-06,2.23741280058e-06,5.97823479816e-06,0.465889152145,img_01328.jpg
8.75285040472e-07,9.50269662386e-06,0.00119020574168,0.00031144922001,0.00365246967901,0.884113555584,1.81697289264e-06,0.110720124821,img_01366.jpg
0.983832442204,0.000358778674263,3.81369975627e-06,3.27642111123e-05,6.79704964815e-07,1.17685817492e-07,2.02436518515e-06,0.0157693794546,img_01371.jpg
0.493125603646,1.12412372177e-07,2.3012207508e-05,0.490100660868,0.000219187794882,0.000266293124767,5.23914466235e-08,0.0162650775546,img_01373.jpg
6.04527196207e-08,0.087826399163,8.85788141187e-05,0.865661372162,0.0415376855992,0.00486298652409,2.29172839767e-05,9.09259288542e-13,img_01377.jpg
0.967795309428,0.000296712417747,0.00431465294156,0.00545463099049,0.0219755956461,0.000149257942254,1.31064317038e-05,7.34202129522e-07,img_01379.jpg
0.699527331365,1.3532095394e-06,7.35680498944e-05,4.32104020423e-07,1.52837577259e-05,0.30015359657,0.000223909518137,4.52542597372e-06,img_01384.jpg
0.0013707963664,0.975527854446,3.17286465873e-05,8.88489702011e-05,5.99788174587e-06,0.022955995173,2.25947413642e-06,1.65190422737e-05,img_01388.jpg
6.74978360468e-06,0.664418218103,0.330444068222,3.61876792145e-07,1.98275985637e-05,3.4456421395e-07,4.95432824955e-05,0.00506088656919,img_01392.jpg
9.92804885293e-12,0.16984583212,0.0115896910022,7.10792015858e-06,6.83406034169e-05,1.7391031625e-07,2.78710233348e-06,0.818486067332,img_01399.jpg
0.996860694517,2.95621970155e-07,5.31796672687e-05,0.000122302559356,0.00221271186652,1.20400793817e-05,0.00073876961031,6.078483285e-09,img_01404.jpg
0.622294569544,6.57559219779e-07,0.00167805581302,0.375976513471,5.48541308519e-07,8.59227223839e-08,2.0326774786e-07,4.93658816739e-05,img_01405.jpg
0.999308455818,8.31562830264e-06,2.21959763094e-05,6.2375682516e-07,7.74549040705e-05,0.000582702511467,5.58851168025e-08,1.95520077373e-07,img_01413.jpg
0.0375668781584,0.861026316013,3.58860316686e-05,0.000299330435692,1.58982734877e-05,5.21986049622e-05,0.00984029218013,0.0911632003025,img_01426.jpg
0.566273145385,9.96782663561e-09,1.15560427373e-06,1.44391083577e-11,0.433706970893,1.43967529442e-05,1.58122605706e-06,2.74015657312e-06,img_01431.jpg
0.00628586362305,4.51386508684e-06,0.0112475103248,1.47586442433e-05,2.59093083834e-05,1.8920675899e-08,0.000214693989495,0.982206731324,img_01441.jpg
0.992737145663,2.95697114374e-07,0.000752129805439,7.47425358906e-05,1.18686957707e-06,0.00340330617905,4.37864683634e-05,0.00298740678134,img_01444.jpg
3.78564518973e-05,0.00296296858184,0.991233932521,0.000370676324568,0.000106008860783,0.00101882980177,0.00157743833589,0.00269228912226,img_01490.jpg
0.511227355262,0.000705866890156,0.000473092635537,0.00172148927213,2.6557038871e-06,1.97282862508e-07,1.90575597833e-06,0.485867437198,img_01495.jpg
4.70121569395e-13,0.00785619264095,0.000119551364628,0.991666835488,0.000217639643648,0.000118870778403,1.95837758507e-05,1.32630821418e-06,img_01505.jpg
0.985477809006,0.000255796500678,0.00587330458516,0.000412485115182,0.00601447652206,0.00189362366903,1.77224870164e-05,5.47821144511e-05,img_01511.jpg
0.000262321519334,5.33919001103e-06,1.10867865408e-06,7.5137451376e-05,2.30589320552e-05,0.992115357259,5.51030270545e-05,0.00746257394205,img_01519.jpg
0.631787788807,3.20545018729e-06,2.56405171284e-05,0.368160125059,2.33907449049e-06,4.03242752632e-06,6.44025657774e-07,1.62246390839e-05,img_01530.jpg
0.999260944284,6.20732177588e-07,0.000274292115583,4.90849755265e-05,0.000150462930257,0.000252019195052,3.13067067609e-06,9.44509720021e-06,img_01537.jpg
0.980167924406,0.00116646260504,0.000879453292065,1.40220447442e-08,2.16096182357e-05,0.017734754008,2.39698955926e-05,5.81215290302e-06,img_01538.jpg
0.572938858081,5.25008028444e-06,0.000863311148193,0.417324917357,0.00223091640312,0.00594323447324,0.000289007441407,0.000404505015433,img_01541.jpg
0.99871573844,0.000108486457389,0.000180886390752,0.000167784101818,6.42874131599e-05,0.000127650170612,0.000543423676818,9.17433493919e-05,img_01543.jpg
0.99916058423,8.92972033531e-06,0.000141717402854,0.000200805394514,3.44657156055e-05,4.38546848914e-05,0.000405882724051,3.76012750493e-06,img_01548.jpg
0.958738089081,0.00661876262344,0.00947532599996,0.0136849079031,0.000419355792772,2.31175997687e-06,0.01047100109,0.00059024575018,img_01552.jpg
1.04715631278e-07,1.42773282441e-06,3.54570838728e-05,0.993154530305,0.000130960544792,2.75575586848e-06,9.81921698148e-06,0.00666494464543,img_01561.jpg
0.00158390831873,4.84375708097e-06,0.00188029826077,0.000565582222104,2.41702425412e-05,1.3126563807e-05,0.00378851128298,0.992139559352,img_01562.jpg
0.99986152063,9.17930544933e-07,0.000114980454035,5.39803337412e-06,8.763908967e-06,2.70662872481e-06,1.84879351131e-06,3.86362092803e-06,img_01571.jpg
0.63785893113,9.48301357008e-05,2.452660569e-06,4.59539520997e-07,0.000481572089687,0.00811424861204,0.00152960478402,0.351917901049,img_01593.jpg
8.92208770268e-07,0.000964903332646,4.69384752863e-05,0.998859670869,5.13132380017e-05,9.86726981579e-11,1.69871244625e-06,7.45830654066e-05,img_01595.jpg
0.982815833993,2.54928733933e-05,1.42861657709e-05,1.69150731029e-06,3.7088292599e-05,0.00080450625745,8.72349181193e-05,0.0162138659926,img_01616.jpg
0.831275886986,0.000508214151886,4.42929358869e-06,2.07008459326e-07,1.98815896031e-07,0.167834876617,0.000326309138487,4.98779890738e-05,img_01618.jpg
0.995523332483,0.000534722737697,0.00345421574744,1.26415843539e-11,0.00023117798205,4.78029128925e-05,0.00020874731753,8.07236318455e-10,img_01627.jpg
0.976583383701,4.15928168178e-06,6.01472087546e-06,0.00938337461966,0.00110219204507,1.46402320851e-06,0.000238936488615,0.01268047512,img_01632.jpg
0.761072784779,2.32671782015e-06,2.49088244126e-06,2.07695350628e-07,2.51874925135e-05,0.238581914251,0.000314973840556,1.14341759615e-07,img_01633.jpg
0.950476352805,0.0494464893323,3.24757728305e-07,5.48125979252e-09,6.4246243061e-05,6.71022175617e-08,8.0310671439e-06,4.4832116018e-06,img_01640.jpg
0.990769900682,4.54551708126e-05,0.00036882789707,0.00793451421006,1.07115435199e-05,4.53296422463e-07,0.000869664625735,4.72574858491e-07,img_01646.jpg
0.941144731922,2.06759452467e-10,3.55456733684e-05,0.0585637541457,2.23167322995e-05,1.78680717929e-07,0.000230375475929,3.097163262e-06,img_01647.jpg
0.0122722831987,0.00133331201783,2.14960864959e-05,0.971759334027,0.00185270962527,3.01468381006e-08,8.9302912549e-05,0.0126715319851,img_01649.jpg
0.000108983359354,0.000347906270895,0.961603936772,1.58906382086e-07,3.70577384611e-05,2.87423977117e-06,0.0207636311095,0.0171354516039,img_01657.jpg
0.832273038307,9.9870370202e-08,2.01526798704e-06,1.26515370123e-11,0.167706683161,1.12267577314e-05,5.38742100037e-06,1.54920290929e-06,img_01669.jpg
0.999947305561,1.62028985295e-09,4.33681820962e-06,4.44469785954e-05,5.58860568142e-08,2.16730567236e-11,8.26251446623e-07,3.02686312309e-06,img_01673.jpg
6.3690810721e-07,5.57850245361e-05,0.000209675761668,0.00143764438245,3.9867088285e-05,5.97837493644e-06,1.39649917909e-05,0.998236447468,img_01681.jpg
0.992756111358,0.000471198961586,0.0029605892407,3.00431643067e-10,0.00285139356657,1.07256752301e-07,8.724076703e-05,0.000873358548434,img_01684.jpg
0.85285177358,1.8133658918e-05,7.02960712166e-05,0.104182041441,0.000413839225745,0.0379085413543,0.00141094521131,0.00314442945761,img_01685.jpg
0.0624436804222,0.0836279203848,0.00294111654649,0.000121790751492,0.000972452405991,0.00151023082016,0.000628523505652,0.847754285163,img_01687.jpg
0.000330904525906,0.0458770813617,4.61721099788e-05,0.00839382922623,0.00409876046037,0.916029824167,0.00775115091824,0.017472277231,img_01688.jpg
2.46534891536e-05,3.14627339332e-06,0.00420469910946,2.16348642516e-05,4.33198935755e-06,0.000386912963481,1.77334964407e-05,0.995336887814,img_01689.jpg
0.00576279451425,0.000308711674312,5.60681805469e-05,0.99305547695,0.000783375482843,3.33644019999e-05,2.06469007429e-07,2.32673662961e-09,img_01716.jpg
0.00429086468808,0.00048684266821,4.63265274834e-09,0.993874692732,0.000393302198368,5.79538840008e-05,0.000892787769346,3.55142724403e-06,img_01717.jpg
0.962084150718,7.02378687155e-06,0.00146507410523,0.0354822881769,8.61594960899e-05,0.000655619998049,4.65934999609e-07,0.000219217783896,img_01724.jpg
0.698388697511,4.88928967514e-06,0.289749767347,0.0109906494297,9.70345341343e-05,0.000456232869592,0.000245381670897,6.73473478553e-05,img_01745.jpg
0.972499113799,2.74415589876e-05,0.027168321223,5.64535083999e-07,0.000115534465102,0.000188743309678,2.72488916527e-07,8.61993484362e-09,img_01771.jpg
0.78671453845,2.84107326651e-05,0.000446586105217,1.1304660737e-06,6.97714703858e-05,7.74408284251e-08,0.115030095591,0.0977093897438,img_01773.jpg
0.897486733065,1.94583015044e-06,5.59103699295e-05,0.0133435744457,0.0183168556196,0.0627636177312,1.3384667076e-07,0.00803122909141,img_01781.jpg
1.36319448558e-08,2.24516145652e-05,5.49251059045e-06,0.997164328917,0.00147835155587,3.98211923609e-07,2.62817628429e-07,0.00132870074042,img_01782.jpg
0.999997827317,1.53042884551e-11,3.6586051533e-07,1.08647347335e-06,2.4982668199e-08,1.70730308152e-10,1.61330666492e-07,5.33849822158e-07,img_01802.jpg
1.67638587996e-06,0.00177248037295,0.997559835295,0.000190189893377,0.000105888460854,5.11167333661e-05,4.10895964934e-06,0.000314703899122,img_01803.jpg
0.932159798015,9.03950905835e-06,1.11141908978e-06,3.83720568046e-06,0.00124629848467,0.0628242752211,0.00375559036008,4.97854647255e-08,img_01824.jpg
2.90779713084e-10,0.606260643224,1.02921651029e-06,0.389704167481,4.46784999963e-05,5.23657706849e-06,7.43374509278e-07,0.00398350133573,img_01825.jpg
0.995519278347,1.61118576043e-05,0.000112082799574,0.000590461809195,0.000566742295262,5.58644346896e-06,3.51755223402e-05,0.00315456092577,img_01831.jpg
0.00096781969754,0.0439771775106,0.00283344186715,6.50105131796e-08,5.90003268948e-05,1.23851388781e-06,1.31321719886e-07,0.952161125752,img_01834.jpg
8.08871300682e-05,0.00165778768091,7.08125457483e-06,0.0100422943827,0.000615070255841,0.000584748135206,0.000429337534759,0.986582793626,img_01847.jpg
0.932749946421,0.00050700969357,0.00091796128292,0.000179136771668,7.84539251262e-05,0.000895438855892,0.0124480778535,0.0522239751967,img_01853.jpg
0.999958875602,6.46435041231e-07,2.77259397191e-06,3.41158601308e-05,3.21170692987e-06,1.77704769435e-11,3.68799222174e-07,8.984451925e-09,img_01856.jpg
0.942586924686,1.3437085068e-07,0.00297354772552,0.000753198444746,4.2437090203e-06,3.01310981195e-05,0.0536330261581,1.87938072216e-05,img_01860.jpg
0.958795840496,9.52471571294e-06,0.00176125704833,0.00597157504145,0.00013838900672,0.0332612133103,7.42650392687e-07,6.14577310559e-05,img_01862.jpg
0.905420833654,4.36900274933e-08,1.15857197387e-05,0.0823621621918,4.08416867907e-06,0.0118020320784,0.000389580035043,9.67846248619e-06,img_01874.jpg
0.00222647885184,0.0172922000118,0.000835900248865,0.00776145620666,0.0356456589848,0.91061076474,0.000230972886078,0.0253965680704,img_01888.jpg
3.20080490995e-05,0.00022439753647,0.000106674004214,1.48654789162e-08,0.943992182868,0.00162533585684,0.0540094129623,9.97385784992e-06,img_01918.jpg
0.0201282821969,0.946717073641,0.0014184778503,0.0171203031921,0.00433934170466,0.0102587958323,1.61314032169e-05,1.59417980129e-06,img_01930.jpg
0.945682070506,3.03867854191e-06,0.00472771770365,0.000109768471694,5.2442503604e-07,0.000196642760049,2.0717359063e-05,0.0492595200958,img_01932.jpg
3.13744490101e-08,0.00201027971113,3.2253589718e-05,7.37720368056e-06,9.59911586949e-06,1.19858949115e-06,0.000129308782273,0.997809951633,img_01955.jpg
0.999664891011,7.07341127512e-08,7.12694443464e-05,9.80427095105e-05,1.09284874844e-05,2.35783553106e-08,1.35748209887e-07,0.000154638287012,img_01963.jpg
0.990799308174,0.00631722960284,0.000101941924012,5.29335602571e-11,0.000428928541027,4.02238160064e-08,0.00034333892118,0.00200921256063,img_01966.jpg
0.385818284041,6.23394314754e-05,7.26863899473e-05,0.00629170502577,2.69667837534e-05,5.7615913484e-06,1.11472204709e-05,0.607711109516,img_01976.jpg
0.824148988995,4.97417459169e-05,0.00279629744267,0.153076263106,0.000299448248642,0.000144113248495,1.18292188564e-05,0.0194733179942,img_01983.jpg
0.727694376627,4.77397621964e-06,6.32186390584e-05,1.89344539516e-07,1.38895607047e-05,2.01550503455e-05,0.00123201736678,0.270971379435,img_01984.jpg
0.000147682779783,1.47538615453e-05,8.89403709326e-06,1.68581309621e-05,0.00313390188334,0.312502324012,0.000983617627756,0.683191967668,img_01995.jpg
0.00240426930997,0.000571620361982,1.95347098059e-06,6.50682606253e-06,0.006105258424,0.986332468705,0.0014784841423,0.00309943875932,img_01996.jpg
0.873903216664,0.124061474781,1.42344135547e-05,4.4352261852e-05,6.35664528663e-05,0.00137387690784,1.31009049306e-06,0.000537968429055,img_02001.jpg
0.385748218892,5.50903867334e-09,0.0169167955218,2.17066129885e-06,0.0372980491579,0.000283456353126,3.31505787616e-09,0.559751300589,img_02006.jpg
0.772910202825,4.56026098437e-05,0.00168281492529,0.154212481747,0.0205318169567,0.00173927798708,0.0480021289137,0.000875674035289,img_02066.jpg
0.796518614843,0.0845636402493,0.0114872420543,0.00026834067385,0.0989262706257,0.00536185386191,1.35005923499e-05,0.00286053709934,img_02074.jpg
0.000841853249091,0.564613912648,2.55515167708e-06,0.434210812537,3.98818697341e-05,6.27624703934e-05,0.000228023964216,1.98110117111e-07,img_02076.jpg
0.273497811915,8.820279951e-07,0.000765777172481,0.282336133084,0.387169507563,0.0486214787992,0.000431065884848,0.00717734355273,img_02077.jpg
2.15744096587e-08,1.9587553309e-05,4.75668985809e-06,0.993100309017,4.18926247246e-07,1.36285135768e-07,2.1624737787e-07,0.0068745537064,img_02078.jpg
6.86318353816e-07,1.59666746791e-05,0.000204952458388,0.993347198952,0.000401166570587,1.00436039574e-05,0.00600236213832,1.76232838049e-05,img_02082.jpg
0.00198335145324,8.61560792288e-08,2.64676557818e-07,0.997708786739,2.06546708564e-05,1.42857418597e-06,2.25352352656e-06,0.000283174206957,img_02083.jpg
0.990839108422,0.00861545945333,0.000262686697417,2.38112082239e-07,1.52940070604e-05,2.63248702673e-08,0.000264221500645,2.96548306993e-06,img_02096.jpg
0.65084643152,1.15297697129e-07,0.000287188230888,6.38908755311e-05,0.000505944105273,0.348281825126,1.10405029488e-05,3.56434123112e-06,img_02119.jpg
0.000154424162812,0.000421031436163,0.000198687489049,0.0516999472504,0.0163039928256,0.0127438426585,0.00159511249093,0.916882961686,img_02124.jpg
