ALB,BET,DOL,NoF,LAG,OTHER,SHARK,YFT,image
0.0128026667876,5.52041285545e-05,0.000261360253558,0.985095464629,0.000134332676044,0.0012350747076,0.000142938022869,0.000272958794932,img_00005.jpg
0.680278658273,0.23240979531,0.00529024453638,0.00188896401623,0.00257199259589,0.0344881061128,0.00542055344515,0.0376516857099,img_00007.jpg
0.923672952806,0.0188452943022,0.000492359245577,0.00124671841423,4.23614733097e-05,0.0543962489855,0.000411601340221,0.000892463433331,img_00009.jpg
0.991765118762,0.00272896494566,0.000436176810114,6.89075282084e-05,0.000861203482665,0.000505028479493,0.000641253139686,0.00299334685228,img_00018.jpg
0.115623505583,0.000540218890265,5.35500123245e-05,0.00489010100555,0.000195360775788,0.00333731201528,0.0069953264609,0.868364625257,img_00027.jpg
0.560268412096,0.00734985059785,0.00319151382538,0.34289074842,0.000800766564376,0.00235284216617,0.0545332280626,0.0286126382675,img_00030.jpg
0.319216302594,0.0302983168955,0.000963810935917,0.00436473848928,0.00211407631664,0.00678281209761,0.0732238917985,0.563036050873,img_00040.jpg
0.899925657842,0.000752594685892,0.00436268363618,0.0933584325352,5.890904221e-05,0.000101590088458,0.000714951179372,0.000725180990385,img_00046.jpg
0.977474409015,0.0106868143364,0.0010967144088,0.00418341979255,0.00258924517535,0.000791891672601,8.84747226995e-05,0.00308903087615,img_00053.jpg
0.0309650010924,0.0397884859123,0.00764334930377,0.00330694574273,0.903112244783,0.00351551239458,0.00404722073532,0.0076212400358,img_00071.jpg
0.951543105412,0.00174102332752,0.000338200665303,0.0192656438,0.000433763731571,0.0125168130857,8.75634357712e-05,0.0140738865425,img_00075.jpg
0.307624273327,0.0171694387232,0.000317292926845,0.00266295511775,0.00168288576933,0.00395855994295,0.0205460893308,0.646038504862,img_00102.jpg
0.982304040164,0.000504360245199,0.000659793519015,0.00175348811858,0.000739502547018,0.00329007882692,2.7111832261e-05,0.0107216247471,img_00103.jpg
0.902834167996,0.00088859593371,0.0101628446435,0.0378180783361,6.31076856804e-05,0.000203756071462,0.00140590807228,0.0466235412614,img_00109.jpg
0.012265076055,0.00233610085891,0.000633053952334,0.885489903762,0.000335979669666,0.000576944079788,8.82258413286e-05,0.0982747157811,img_00119.jpg
0.0240781526706,0.00187453603457,0.00415360073994,0.00451167875576,0.00136680256825,0.000890983531136,0.00520906116059,0.957915184539,img_00120.jpg
0.870503310541,0.0126704949091,0.0162318350825,0.0293155644097,0.00260881064201,0.0320293382825,0.000888128693684,0.0357525174396,img_00125.jpg
0.00757298809514,0.261617634298,0.417840590151,0.00514052659227,0.00245393548085,0.0046244088821,0.00229826236752,0.298451654133,img_00128.jpg
0.157158609879,0.0524717363271,0.00265125249458,0.00628749007454,0.00794648106893,0.0134481260217,0.0561119539136,0.703924350221,img_00129.jpg
0.204919205695,0.00263616953083,0.000941954524086,0.724828115384,0.0152270623586,0.0299041151793,0.000836330778549,0.02070704655,img_00133.jpg
0.904392013326,0.0318431100277,0.00890948361333,0.0448759730827,0.00102716366048,0.00164856318009,0.000147384209494,0.00715630889986,img_00138.jpg
0.0104677149786,0.0073660606475,0.00404119234555,0.000876215678353,0.000508511485584,0.00168933230918,0.000639593052881,0.974411379502,img_00141.jpg
0.535065772938,0.0538676848053,0.136073581554,0.0201989118442,0.0104286831279,0.0661154973959,0.0109032306614,0.167346637673,img_00152.jpg
0.0265444850739,0.0222632187677,0.00182825895075,0.00284616645725,0.00140101232774,0.0051722751742,0.000490293998686,0.93945428925,img_00161.jpg
0.013115842857,0.000636086042617,8.83975337166e-05,0.923412356803,0.000318412419211,0.00200073364722,0.000266812462625,0.0601613582342,img_00164.jpg
0.908637073156,0.00141204277772,0.000957479776995,0.031877676709,0.00467522377971,0.00863159414088,0.000286290865889,0.043522618794,img_00170.jpg
0.0623413896355,0.00829890800227,0.00326095526622,0.0612224665948,0.063428055449,0.78609694954,0.00247503663395,0.0128762388786,img_00171.jpg
0.0299261483509,0.000142742361027,0.00242440076304,0.965026364524,0.000188264634627,0.000581195172113,0.000544976139783,0.00116590805495,img_00172.jpg
0.4277871449,0.0146901612952,0.0127987710284,0.0639820746774,0.0899079985597,0.349172017883,0.00671550141995,0.034946330236,img_00175.jpg
0.127696160825,0.00374726128633,0.000610962433328,0.0165146011335,0.000126786277443,0.00106166084849,0.000278043708895,0.849964523487,img_00180.jpg
0.0323180316486,0.0119119407363,0.000342188622166,0.893617854242,0.000406977571367,0.00224138290856,0.000210039938539,0.0589515843324,img_00196.jpg
0.77343150164,0.00531028093665,0.000914950650205,0.0199869696806,9.98757109289e-05,0.000211841763028,0.000871192628276,0.19917338699,img_00212.jpg
0.0788811235872,0.00847260927668,0.0610992379335,0.00599727209946,0.00510773000183,0.812409931254,0.00202457113824,0.0260075247089,img_00223.jpg
0.786920400784,0.0499554568976,0.00314312459309,0.00095534616816,0.00282252657278,0.00444824660202,0.00374992061287,0.148004977769,img_00230.jpg
0.000517312591232,0.00829568451445,0.000502309577742,0.00159901223704,0.000465428514731,0.00111467334008,0.98714117019,0.000364409034722,img_00232.jpg
0.798368149212,0.00908593283537,0.000770980105446,0.00525350939099,0.00411161743273,0.120808319077,0.00166420133865,0.0599372906086,img_00244.jpg
0.56993893664,0.314044861838,0.0228580015496,0.0378413854173,0.0100327082066,0.00712635742811,0.000790876806253,0.0373668721143,img_00272.jpg
0.926010568653,0.00310003451976,0.00162954095869,0.0626294454167,3.20219049243e-05,0.00148794388992,5.61277257159e-05,0.00505431693124,img_00280.jpg
0.182507247535,0.0153602327472,0.00917513071433,0.0792894305076,0.155959913318,0.526566733752,0.00741412959546,0.0237271818302,img_00282.jpg
0.133595402128,0.0404992758802,0.00161961379302,0.028977412724,0.00114721448036,0.0158978775835,0.0137786515356,0.764484551875,img_00285.jpg
0.762484508003,0.00803644361392,0.0052034515735,0.082831832009,0.00600317643111,0.114812529198,0.0042553662838,0.0163726928872,img_00289.jpg
0.54592803413,0.0186367983631,0.000915025748207,0.0580181785324,0.00216424976216,0.212467910366,0.00896901059631,0.152900792502,img_00292.jpg
0.261726669229,0.0192483217862,0.000555054526542,0.0051567636087,0.00256038758202,0.00908177839734,0.151515897425,0.550155127445,img_00302.jpg
0.91933464496,0.0723740282289,0.000701777168473,0.0018819308433,0.000447980854106,0.00010283964752,0.000799034341406,0.00435776395622,img_00311.jpg
0.971266056448,0.00430964473416,0.00199526215579,0.00756584563914,0.000205330072579,0.000929025278295,0.00157215678381,0.0121566788884,img_00320.jpg
0.978558355491,0.000356776465965,0.000297958029467,0.0121758516079,0.000169330348221,0.00202618445859,0.00202604199415,0.00438950160456,img_00331.jpg
0.049915557492,0.00415161947826,0.000798282883474,0.0082562223198,0.00239296385587,0.0443432064849,0.00894529482526,0.88119685266,img_00358.jpg
0.114858779478,0.0767099461193,0.00720740354332,0.00519386289111,0.00575958976341,0.0538681161742,0.00400139110932,0.732400910921,img_00374.jpg
0.703240276073,0.028325000468,0.106752443851,0.0107530730266,0.0056268977284,0.0261635699109,0.00370188201187,0.115436856931,img_00375.jpg
0.462740984076,0.00388958071367,0.00935374854309,0.0793776040723,0.00219565001128,0.0216486085619,0.0133009732622,0.40749285076,img_00376.jpg
0.762200195255,0.0117253062602,0.0102303190339,0.207029986251,0.00112974949685,0.00655011115637,0.000200732086456,0.000933600460672,img_00380.jpg
0.932494280774,0.0226398459232,0.000774001352454,0.0104439167601,0.00316793298162,0.000447960044278,0.00375527196404,0.0262767902007,img_00383.jpg
0.888118071865,0.0220555969267,0.000501751297895,0.0635731703058,0.000222513172365,0.000467580497576,0.00576169568051,0.0192996202543,img_00398.jpg
0.531035954685,0.0225516734433,0.0158641763537,0.0126638142164,0.0557476688092,0.0408078716318,0.00459095123706,0.316737889624,img_00407.jpg
0.0551002138085,0.00767646114117,0.00379249068343,0.127348723992,0.00189944046004,0.00308664882308,0.00235306907214,0.79874295202,img_00417.jpg
0.262264395503,0.0516064942147,0.0185030593531,0.0722713134498,0.00777828864151,0.331962107897,0.0112004705202,0.24441387042,img_00432.jpg
0.0274911762202,0.00689185809405,0.00222891438556,0.000159390934921,0.000595325280241,0.00194009995813,0.000441418754271,0.960251816373,img_00442.jpg
0.649704922838,0.019773041765,0.00298071396347,0.154441558425,0.00438441642497,0.0612851174466,0.00312351971558,0.104306709421,img_00446.jpg
0.859881228875,0.0115794767492,0.00264113855972,0.0381820171868,0.0046901468319,0.0187524357692,0.000605455222122,0.0636681008062,img_00469.jpg
0.94811579884,0.00134026412258,0.00013200538958,0.00722115007265,6.32650532751e-05,0.00018522080734,5.3603513507e-05,0.0428886922007,img_00473.jpg
0.220783803189,0.000699311856945,0.00162213281125,0.757583121419,0.000308842746438,0.00201899422608,0.00041789352714,0.0165659002247,img_00483.jpg
0.257165527665,0.136389361239,0.0184232532714,0.0255430760855,0.0181076572008,0.0126782098493,0.0100893744852,0.521603540204,img_00484.jpg
0.959621593396,0.00592531838584,0.0146450711427,0.0147756166028,0.00135420821524,0.00293233494639,4.86201915768e-05,0.000697237119013,img_00486.jpg
0.0030814110782,0.00105747760604,0.000175518048121,0.993518303162,0.0014910341047,0.000113703660207,0.000359307852317,0.000203244488625,img_00487.jpg
0.0668029867545,0.0120538199709,0.0122318192374,0.803455342443,0.00131278641413,0.0793595376587,0.00130924470968,0.0234744628122,img_00493.jpg
0.963970430551,0.00216353846023,0.00998034912033,0.010549098096,5.78589572432e-05,0.000515447718893,0.00101223593516,0.011751041161,img_00518.jpg
0.429294460281,0.0179062212867,0.000373234015676,0.00539366953614,0.00794792118177,0.00261548963984,0.00387966169441,0.532589342364,img_00533.jpg
0.930524166287,0.00503430790816,0.000603283833527,0.0450590530948,0.00140190042966,0.00490854551031,0.0012293437399,0.0112393991962,img_00538.jpg
0.91922427081,0.0713397905713,0.000289613763576,0.00289830046483,0.000354045697969,0.00012697444368,0.000507465168514,0.00525953908014,img_00543.jpg
0.764851136906,0.0109059538855,0.00901529482885,0.00926393869136,0.0007647239993,0.106324314314,0.00298827151042,0.0958863658647,img_00550.jpg
0.849467884387,0.00380062307942,0.00481795827739,0.00701990905069,0.00202828074747,0.0919261815681,0.000709401956225,0.0402297609335,img_00551.jpg
0.0028424823076,0.000721083853901,0.00307233303888,0.985982541453,0.000640905680055,0.00506229429633,0.000499736156769,0.00117862321371,img_00564.jpg
0.60509357355,0.00376964822466,0.00174983350632,0.0526538067048,0.00204956100029,0.191013587218,0.0214295211323,0.122240468664,img_00575.jpg
0.635854666433,0.0107172184432,0.000783250065801,0.224995715402,0.000654286632659,0.120965948199,0.000327526452866,0.0057013883726,img_00582.jpg
0.992738125034,0.00268634233988,9.07884303939e-05,0.00288766310601,1.76506769717e-05,9.9322980511e-05,0.00106124450686,0.000418862925246,img_00584.jpg
0.225528813979,0.00191329990019,0.000968352604042,0.0317956816829,0.000880180166396,0.00600106641743,0.0441705095524,0.688742095698,img_00587.jpg
0.125760444774,0.0197446258979,0.000579589814689,0.00571685016211,0.00052530665607,0.0062022029816,0.00263087827742,0.838840101436,img_00590.jpg
0.295941382907,0.000988606796664,0.000269397268298,0.000488796045702,9.80290783459e-05,0.00201523568752,0.00239707689149,0.697801475325,img_00591.jpg
0.929999732328,0.00420030620412,0.000148169768019,0.014201642082,0.00308091270183,0.0100360474091,0.000120355808461,0.0382128336983,img_00598.jpg
0.737877773515,0.00878770762029,0.00170044651696,0.0312168699526,0.00115977701213,0.0330277563647,0.0239864239977,0.16224324502,img_00599.jpg
0.547075368662,0.00777916533536,0.00142697873617,0.00917882982525,0.00499919143263,0.151190533757,0.259215382544,0.0191345497075,img_00612.jpg
0.971605831689,9.43669790939e-05,0.0002667093283,0.009102157647,0.000109795995138,0.00180716514716,0.000243044881206,0.016770928333,img_00618.jpg
0.970027844333,0.0048538310965,0.0047606425793,0.00614443363769,0.00012152273831,0.012863564824,0.000108908364509,0.00111925242658,img_00620.jpg
0.298335531324,0.0455603980942,0.0245095432466,0.0134234949862,0.563442901583,0.0253854785755,0.00660751261442,0.0227351395763,img_00642.jpg
0.0107304348715,0.00111218776772,0.0005988621789,0.000611043917139,0.000155036525306,0.00128104858858,0.000211371235582,0.985300014915,img_00646.jpg
0.968121039572,0.0245642254839,0.000239010862544,0.00346211813322,0.000158151415101,3.56449579826e-05,0.00119241829165,0.00222739128371,img_00648.jpg
0.510838191493,0.00288718051893,0.00320441536733,0.0405854206507,0.000501751912214,0.0822389079283,0.00587971913307,0.353864412996,img_00650.jpg
0.890712296679,0.0205091953497,0.0125976446155,0.00783436334,0.00261144523027,0.0480143183845,0.000700729277303,0.0170200071234,img_00654.jpg
0.952994555057,0.00151202166352,0.000445613592465,0.00920534398254,0.000253200165497,0.00110540579039,0.00125320663118,0.0332306531173,img_00664.jpg
0.00166905272173,0.00521475772406,0.000140380373758,0.989346740042,0.000303287201296,0.00044073746467,7.65358953689e-05,0.00280850857705,img_00667.jpg
0.0185599914505,0.00310863111607,0.00063195123376,0.932185808649,0.000344030416576,0.0009748688155,0.000148686753866,0.0440460315643,img_00676.jpg
0.00249506989122,0.00485443338857,0.0295213352339,0.00327197018629,0.000941623468581,0.00161772006957,0.000203672527375,0.957094175235,img_00697.jpg
0.241049346378,0.00514832080458,0.000238248593396,0.0104187981064,0.00140061679059,0.714340844909,0.00928296218507,0.0181208622335,img_00708.jpg
0.0765011645269,0.272026809432,0.00655656446306,0.0188258676482,0.00903213995749,0.288696403374,0.0401001329065,0.288260917691,img_00716.jpg
0.683471546419,0.266875905836,0.000277851190055,0.00394329579393,0.00174691233458,0.0362105929854,0.000489574827721,0.00698432061294,img_00717.jpg
0.880512771548,0.0087615415713,0.00124748086416,0.01660212607,0.0014283298413,0.0433416273216,0.000985464681021,0.0471206581022,img_00718.jpg
0.347192961436,0.262008123834,0.0036245080519,0.310832799718,0.00830862505719,0.00587698905325,0.014890493412,0.0472654994377,img_00723.jpg
0.169913498274,0.0268422890143,0.0281771396602,0.109898337348,0.00992223791029,0.0226450372079,0.412866153016,0.219735307569,img_00724.jpg
0.958901657933,0.00149933262965,0.00173106669926,0.0139529476348,9.19924936565e-05,0.00020131244815,0.0171531699771,0.00646852018448,img_00726.jpg
0.934031996474,0.000760969419037,0.0165026614824,0.0437401179292,0.000120201422989,0.0011230918741,0.000397192261741,0.00332376913635,img_00729.jpg
0.16114630456,0.000763549163385,0.000857352606165,0.00203517413155,0.000163721259709,9.70225676149e-05,0.0162161314603,0.818720744251,img_00730.jpg
0.903575225627,0.00311489180941,0.0038331734195,0.00867544946768,0.00884845071322,0.00799789976531,0.000307479917393,0.0636474292804,img_00757.jpg
0.897274053684,0.00519260904168,0.00102926088359,0.0018718406439,0.0817184752121,0.00529917248926,0.00128007132185,0.0063345167241,img_00760.jpg
0.0791796428375,0.0529427936198,0.00102051290132,0.396590172344,0.000633538811897,0.00396707736219,0.00227376040733,0.463392501716,img_00763.jpg
0.0161742284057,0.329101889343,0.0439534646663,0.269983878985,0.00599700398387,0.00735858966604,0.00698755074968,0.3204433942,img_00764.jpg
0.0262172625305,0.0100372414102,0.000980523106644,0.00599700134511,0.0130744102266,0.843913432004,0.00229996548567,0.0974801638917,img_00765.jpg
0.0355700754156,0.0165206196528,0.142352701762,0.00316198262378,0.00104191084054,0.00192471023599,0.000900282150996,0.798527717318,img_00772.jpg
0.541382728473,0.0393753413522,0.2070451464,0.141725127077,0.00529825015282,0.0575447133734,0.00228227025176,0.00534642292014,img_00773.jpg
0.853855479666,0.006079180063,7.09401297994e-05,0.0043274741643,0.0027240136812,0.131669774948,0.00050595438928,0.000767182958037,img_00777.jpg
0.384129917343,0.0146982276508,0.0127879836259,0.0692612380814,0.000990090799814,0.0428631924892,0.000971416401476,0.474297933609,img_00780.jpg
0.935097894082,0.0219652426075,0.000106726896035,0.0066489014983,0.00546763509663,0.0168113164258,0.000254216133072,0.0136480672612,img_00798.jpg
0.835433627004,0.00484824389774,0.000300737188417,0.123773582728,0.00173381684968,0.00549514618937,5.65738675195e-05,0.0283582722757,img_00808.jpg
0.952214365774,0.00142937236307,0.000789226373696,0.0384620369434,0.000114512526057,0.000383841086013,0.000109386253998,0.00649725868013,img_00816.jpg
0.00323167612484,0.0134854343513,0.000176006043446,0.978009088251,0.000764278589822,0.0010415961939,6.62621768802e-05,0.00322565826847,img_00828.jpg
0.781652130563,0.00373568064572,0.000817348860863,0.0166660938511,0.000843693007773,0.149436211155,0.0255166360567,0.0213322058598,img_00833.jpg
0.968593129558,0.00351252173768,2.44327939026e-05,0.0162826823084,0.000394146617774,0.00505896509804,2.38784733352e-05,0.0061102434125,img_00837.jpg
0.234290913779,0.149584305583,0.0138337371335,0.0210293516612,0.0178008450832,0.0363005216016,0.0107654718653,0.516394853293,img_00855.jpg
0.96762015786,0.00211105436975,0.00234757494524,0.0120715024671,8.20108552787e-05,0.00061968804015,0.000347941986856,0.0148000694756,img_00857.jpg
0.873303171634,0.00191483527437,0.000218784378792,0.10176632734,0.000213144719123,0.00514380444376,0.000254088554195,0.0171858436556,img_00858.jpg
0.854308204546,0.0253622020735,0.00187086047913,0.00449183361726,0.00701516492286,0.100202844275,0.000197078377313,0.00655181170926,img_00865.jpg
0.00231422287131,0.00628890865938,0.000373923574874,0.980101197331,0.000584175876826,0.00236644825432,5.92806286942e-05,0.00791184280381,img_00876.jpg
0.175873336604,0.00184236791371,0.0290700832084,0.0151979965368,0.000347256803036,0.00231086954333,0.000586815750883,0.77477127364,img_00889.jpg
0.875072198167,0.00276681632048,0.00176718930341,0.0853768304472,0.000242958253392,0.0167576592523,0.000251713690313,0.017764634566,img_00894.jpg
0.000822839952488,0.0277547749328,0.000379213050636,0.00137500559394,0.000938709595908,0.00235225443045,0.965975130706,0.000402071738151,img_00902.jpg
0.00432106970781,0.00125083956827,0.00208432110429,0.00179054321826,0.00167851144843,0.000296934180493,0.000233044143043,0.988344736629,img_00914.jpg
0.839010142128,0.000761192886709,0.000503434911961,0.0163387705158,0.000172924896273,0.026974390379,0.0078518845271,0.108387259755,img_00921.jpg
0.566430624602,0.00954940047357,0.00141875574936,0.0115127807065,0.00107196947229,0.0333394627489,0.0142745127807,0.362402493466,img_00927.jpg
0.297235647639,0.000719949102242,0.00192078275157,0.677132755419,0.000410300649634,0.00221657054276,0.000487593184867,0.0198764007114,img_00943.jpg
0.906687253014,0.000226093288102,5.76887688785e-05,0.0924069344471,3.52903521566e-05,0.000348614627449,2.6568246845e-05,0.000211557255862,img_00948.jpg
0.0748386894294,0.00091639087898,0.00747500715628,0.874684215276,0.000232658362204,0.0321308023129,0.00103678264127,0.00868545394346,img_00950.jpg
0.890124233152,0.00252688725588,0.00669735456398,0.0471176930273,0.000553819658097,0.00133258783826,0.000570195803414,0.0510772287014,img_00959.jpg
0.00952961739873,0.160174888678,0.0261958460115,0.0269602326164,0.00142669847712,0.00566463574691,0.00301574004444,0.767032341027,img_00962.jpg
0.000593419406223,0.00918283470011,0.979162262241,8.40138946646e-05,0.00063824410901,0.000176894171563,0.000279298744823,0.00988303273295,img_00964.jpg
0.112902176275,0.00125235719514,0.00435360720523,0.842317698707,0.000470868430608,0.00078553122392,0.000880909894179,0.0370368510691,img_00966.jpg
0.380811606052,0.600396800397,0.00148864193938,0.0021004357458,0.00662075234693,0.00214027116084,0.00114404020664,0.00529745215106,img_00974.jpg
0.0416210381919,0.0166028375752,0.0739548015902,0.00100192521754,0.000213320212651,0.000641092235031,0.00149052483625,0.864474460141,img_00979.jpg
0.0498807527065,0.723980146833,0.00628090229387,0.0997285146862,0.00107021659862,0.00327538242833,0.00255733529614,0.113226749157,img_00982.jpg
0.130219385338,0.0118160848317,0.00036835566685,0.0147920830412,0.00166433664451,0.032084438033,0.00701391033751,0.802041406107,img_00985.jpg
0.173628141365,0.0150904206591,0.000266241351114,0.000858343189205,0.00103397938175,0.00691511165953,0.00705717033917,0.795150592055,img_00999.jpg
0.715888899556,0.00285547559386,0.000151090190498,0.195495477483,0.00405092449815,0.0776541180551,0.000244453100348,0.00365956152302,img_01022.jpg
0.9712824543,0.00984709587743,0.000833702878049,0.00832452441631,8.27625675e-05,0.0049996652927,5.31609251595e-05,0.00457663374237,img_01031.jpg
0.927191537722,0.00525215653647,6.77408334874e-05,0.00401861052572,0.00178980641534,0.0601442840662,8.10743148175e-05,0.00145478958574,img_01035.jpg
0.189225021617,0.242060426783,0.0144827422479,0.457591752158,0.0117474937949,0.0385924725226,0.0158503334785,0.0304497573988,img_01043.jpg
0.870897486847,0.00805709928085,0.000249957519463,0.0315612504481,0.000100730424449,0.00326480439488,0.000371626971186,0.0854970441139,img_01058.jpg
0.62783878188,0.0365725064645,0.00204551093704,0.0679313857896,0.00263585679318,0.161158019336,0.0466056255817,0.0552123132182,img_01059.jpg
0.116861525695,0.00444071707526,0.00107531866292,0.87071614041,0.000325034709139,0.00153052738917,0.000502869105301,0.00454786695363,img_01090.jpg
0.741087296985,0.0464633028007,0.00226352630909,0.044211043007,0.00177781781845,0.00125333338534,0.00124742240185,0.161696257293,img_01102.jpg
0.0256259840706,0.948426910168,0.006133443629,0.0014565166642,0.000254954440671,0.00665870715607,0.0015999341883,0.00984354968342,img_01103.jpg
0.985215533594,0.00682994948794,0.000128367806663,0.00224400142375,0.000222168646953,0.00325536091734,0.000298157235588,0.00180646088805,img_01116.jpg
0.920013039949,0.00354506530181,0.000573528050306,0.00717136534939,0.00162700592079,0.0317795365841,0.000416372530089,0.0348740863147,img_01134.jpg
0.933821708769,0.0016459275926,0.00242534143171,0.0216814745685,0.000412618668932,0.0300967039487,0.00029214904339,0.00962407597678,img_01142.jpg
0.0150710514447,0.0160119129302,0.00103459169392,0.0102714662639,0.00235377839329,0.947369541023,0.00327015663558,0.00461750161585,img_01168.jpg
0.124879157437,0.0323546737356,0.00116911735129,0.0308263764599,0.000302192138413,0.00213478333131,0.00825077256813,0.800082926979,img_01171.jpg
0.886715850216,0.00598539780783,0.00605483445153,0.0245220518021,0.00327153754854,0.0550572953804,0.000362523004289,0.0180305097891,img_01177.jpg
0.550090998618,0.305670015993,0.0039740630178,0.0495144335927,0.0332470036332,0.0360404225992,0.00226637354132,0.0191966890049,img_01179.jpg
0.0570884716592,0.00527911831399,0.000998022274652,0.00898242047475,0.00801373355586,0.837724978897,0.0042934371726,0.0776198176523,img_01188.jpg
0.119533605271,0.00575174909825,0.00104518753714,0.850302739638,0.00018429913391,0.00110161721024,0.000343735180942,0.0217370669306,img_01198.jpg
0.00362434079273,0.0313507566536,0.000413257157305,0.954645691243,0.000365472870954,0.00132586536939,0.000324170159945,0.00795044575335,img_01204.jpg
0.0218592003761,0.000192723881593,0.00239386326961,0.969465935278,0.000151337080138,0.00294099729624,0.000603681320674,0.00239226149753,img_01208.jpg
0.124215145068,0.108288308159,0.00567310205205,0.558925374782,0.00576697443507,0.00706272108577,0.00460472056783,0.18546365385,img_01211.jpg
0.845689506845,0.0314182503016,0.000502253501374,0.00158816554961,0.000716377752424,0.00559742890099,0.000533120647199,0.113954896502,img_01213.jpg
0.856517097281,0.00641642643495,0.000490696092075,0.00122191521181,0.00753714776732,0.00207336398672,0.00316872130318,0.122574631923,img_01222.jpg
0.0674520296975,0.0270340713264,0.109740987869,0.00846946602801,0.00136244149006,0.00624353540677,0.00111067958122,0.778586788601,img_01224.jpg
0.103718197511,0.00131178239041,0.00104964447579,0.860939945062,0.000638342207906,0.00160277226107,0.00694471034222,0.0237946057498,img_01237.jpg
0.543379951968,0.00502638440346,0.016189699933,0.368374501856,0.0266593379597,0.00863589696443,0.0016786310881,0.0300555958277,img_01249.jpg
0.094094267571,0.0917116491309,0.00878898769241,0.120875967348,0.00117606032417,0.0175903818788,0.0016994804244,0.664063205631,img_01253.jpg
0.507778767729,0.0645956659966,0.0051813159731,0.152087515921,0.00767743827694,0.127358552252,0.00402747238886,0.131293271463,img_01286.jpg
0.406818655807,0.0397250340814,0.00923959160845,0.171910209249,0.00915830589641,0.263078311886,0.0453641408097,0.0547057506624,img_01289.jpg
0.103147983601,0.0370559744079,0.00291653749131,0.79159326718,0.00158705136913,0.0026392033207,0.0031694458192,0.0578905368111,img_01325.jpg
0.203315629954,0.0815579485794,0.00801048239505,0.0188831679013,0.00685181672504,0.0735718919171,0.00827712909011,0.599531933438,img_01328.jpg
0.430295379817,0.0193308664912,0.0134951644558,0.0918923219129,0.10198991535,0.306214716338,0.00649451531009,0.0302871203243,img_01366.jpg
0.784946235607,0.00482808092844,0.000574658731046,0.0229512320664,0.000247387856512,0.000830901813163,0.000352649785735,0.185268853211,img_01371.jpg
0.47537974929,0.0125218561707,0.00388752928341,0.413311036841,0.0118978548269,0.0161344542796,0.0011319191793,0.0657356001288,img_01373.jpg
0.216123227891,0.134576179586,0.00878657658196,0.604559296153,0.0224298134212,0.00986738340251,0.000625468627903,0.00303205433717,img_01377.jpg
0.93564159498,0.0049500094143,0.00840201774384,0.0253988475104,0.0106143536459,0.00935927081548,0.00026729260093,0.00536661328925,img_01379.jpg
0.408144519858,0.0166348312481,0.0232308029341,0.0402105152928,0.00279952614007,0.41674229023,0.00981386528722,0.0824236490093,img_01384.jpg
0.571567290297,0.38680507272,0.000466226247195,0.00734136770337,0.000335252499952,0.0197583231977,0.000168156191758,0.0135583111428,img_01388.jpg
0.0213530339802,0.185999575931,0.323925860322,0.0117146618159,0.0065752724625,0.0100640901739,0.00918336846534,0.431184136849,img_01392.jpg
0.00182275267962,0.463101648116,0.0951314156441,0.00160002892097,0.00144234996599,0.00334275132044,0.00057490434005,0.432984149013,img_01399.jpg
0.806272547387,0.0126198288371,0.00185383652916,0.013401056663,0.129520806911,0.0169864425228,0.00613117747184,0.0132143036786,img_01404.jpg
0.752229835471,0.0113881633095,0.000955763570488,0.218518851539,0.000497694944066,0.0102236792551,0.000176108963445,0.00600990294728,img_01405.jpg
0.977291304176,0.00313555052492,0.00132433315527,0.00891443952002,0.000478010774592,0.00355827032589,3.667446814e-05,0.00526141705547,img_01413.jpg
0.319206799601,0.523472548822,0.00245145526627,0.0487749336116,0.00208211387241,0.0146271494639,0.00344234595556,0.0859426534072,img_01426.jpg
0.20974878754,0.0123310647931,0.00390075866977,0.00950199913573,0.702809845112,0.0190393153715,0.00618658155144,0.0364816478269,img_01431.jpg
0.018142383696,0.0012533042925,0.0553155152973,0.00496658721916,0.000520806997987,0.00121171083688,0.00128804468333,0.917301646977,img_01441.jpg
0.987302150329,0.000388316038745,0.00130158142803,0.00112472771543,2.36575684429e-05,0.00428532630714,0.000347924915448,0.00522631569731,img_01444.jpg
0.0079808050675,0.0474810729446,0.124469583101,0.00124271626524,0.000957751373531,0.00201329781062,0.000825609033622,0.815029164404,img_01490.jpg
0.55695528858,0.14082704036,0.0110243588416,0.138754393065,0.00408228751818,0.00673272205098,0.00287572400182,0.138748185582,img_01495.jpg
0.00114676089522,0.00405930371111,0.000165811547982,0.992997544683,0.000232702857053,0.000247539077732,0.00016186726282,0.000988469965399,img_01505.jpg
0.964543742598,0.00523453715462,0.00433584170123,0.0151211995601,0.0013319675064,0.00433094080641,8.09220351904e-05,0.00502084863795,img_01511.jpg
0.0237143061434,0.00568862646879,0.00031535632367,0.0114226542046,0.000328320015617,0.935949814711,0.00348846105902,0.0190924610736,img_01519.jpg
0.812741807428,0.000668733587207,0.000732169648148,0.181468629983,4.7861216746e-05,0.000387804675143,3.93108152585e-05,0.00391368264656,img_01530.jpg
0.913507888215,0.0017304075344,0.00521098825764,0.0233089472975,0.000415006640644,0.0402828498243,0.000170543804803,0.0153733684257,img_01537.jpg
0.931063750522,0.0457780317655,0.00201948667164,0.000585990477613,0.000637628260604,0.0166337268022,0.000238726999716,0.00304265850104,img_01538.jpg
0.0230625692984,0.00188179455005,0.000777488611901,0.939402005737,0.00022391278891,0.00787920965458,0.000429193325189,0.0263438260339,img_01541.jpg
0.973464658519,0.00830727914203,0.000646029353135,0.00975433589692,0.000117016200989,0.00107066059954,0.000489898096579,0.00615012219196,img_01543.jpg
0.979768536445,0.000604680486803,0.000482585483812,0.0141331037284,6.35182171495e-05,0.00211105263577,0.000411589362769,0.00242493364042,img_01548.jpg
0.832137543006,0.0137797757562,0.00624818704254,0.0651227754438,0.000648138113385,0.00315153282816,0.00191875996316,0.0769932878468,img_01552.jpg
0.00354506534606,0.000682560969333,0.000791078862884,0.989780305812,0.000679748165442,0.00108461580672,0.000340978940586,0.00309564609732,img_01561.jpg
0.0503910731441,0.00191928922466,0.0158882489939,0.00285492450088,0.000744825025079,0.00298511622836,0.0124063183662,0.912810204517,img_01562.jpg
0.911946642619,0.00122579693342,0.00980624357726,0.0676214613862,9.65980905413e-05,0.00139829449261,0.000794366543938,0.00711059635692,img_01571.jpg
0.458970275113,0.0398184835543,0.000594404969235,0.00262078711792,0.00213887268822,0.279008783023,0.00944782348869,0.207400570045,img_01593.jpg
0.0978062332881,0.0345389337961,0.00257404811269,0.768345723932,0.00308101585151,0.0024390784734,0.0016201693212,0.0895947972245,img_01595.jpg
0.914303556193,0.00159394807732,0.00220059723313,0.0469134768911,0.000327327284674,0.0131958061465,0.0013470233778,0.0201182647961,img_01616.jpg
0.622267696571,0.0146019629589,7.90616063016e-05,0.0024368342871,0.000128484124236,0.357818031239,0.000650081660293,0.0020178475535,img_01618.jpg
0.912403723201,0.0486315120547,0.0139183012452,0.000650013752591,0.00298199654047,0.0145155220834,0.00201787498209,0.00488105614034,img_01627.jpg
0.947227027039,0.000729763809112,0.000244607089717,0.0338549172872,0.000441703384956,0.00190790607366,0.000152766771338,0.0154413085447,img_01632.jpg
0.79359245406,0.00553298633322,0.00143261559262,0.0366066909015,0.00104662596665,0.14485118739,0.00871902575228,0.00821841400408,img_01633.jpg
0.828453373945,0.142924384582,0.000479828900718,0.0149780142052,0.000860160836391,0.000224358588759,0.00141174401839,0.010668134923,img_01640.jpg
0.929982465765,0.00804868180035,0.000296734010964,0.0513528863779,0.000989855604135,0.00663489955327,0.000560567080081,0.00213390980829,img_01646.jpg
0.67505949186,0.000712674038002,0.0014108216705,0.310139864309,5.73936153676e-05,0.000824620815036,0.00442812120009,0.00736701249176,img_01647.jpg
0.350087121005,0.0389435721319,0.00103978023654,0.540900751808,0.00463864167435,0.00382652657974,0.00116842652682,0.0593951800376,img_01649.jpg
0.00258642131073,0.0110418908353,0.475838549814,0.000593543695394,0.000497036537945,0.000557430375695,0.00688962163909,0.501995505791,img_01657.jpg
0.811218235883,0.0141127564224,0.00167009483192,0.0102332730752,0.126830057247,0.0219754573783,0.00407688628258,0.00988323888001,img_01669.jpg
0.798200480953,0.00147347757843,0.000977476926742,0.104359644317,0.000152610929121,0.000287654058238,0.000255669582455,0.0942929856547,img_01673.jpg
0.198059094014,0.00748357422147,0.00343412030943,0.161382932126,0.000367434928316,0.00108657043268,0.000428793619455,0.627757480349,img_01681.jpg
0.85930343795,0.0577442350311,0.00214011760776,0.000901530815786,0.00496209417189,0.00251136535731,0.000416622183,0.0720205968832,img_01684.jpg
0.336476678226,0.0184566559816,0.0299019683585,0.312768645928,0.00741168159793,0.113101892288,0.0159249422993,0.165957535321,img_01685.jpg
0.31991602091,0.049281194209,0.00234033398834,0.00473765711935,0.00044968285801,0.0125897141197,0.004309939533,0.606375457263,img_01687.jpg
0.238130711046,0.046373273455,0.00305048882348,0.079493757549,0.00288624710212,0.574868949992,0.0306184209981,0.0245781510348,img_01688.jpg
0.298314860434,0.00133630826343,0.0323903190815,0.00492880560784,7.01642271424e-05,0.00124256643581,0.000252068885796,0.661464907064,img_01689.jpg
0.00794272149982,0.01378516773,0.000346759901118,0.961658452574,0.000526255461525,0.00199472348856,0.000120530389428,0.0136253889555,img_01716.jpg
0.354787700961,0.145087898574,0.00156707949098,0.448655544927,0.00441237933127,0.0029147306784,0.0107374182967,0.0318372477401,img_01717.jpg
0.862581403397,0.00438661265187,0.0124437709792,0.0469496025922,0.000695132697453,0.0347410750343,0.000398673892316,0.0378037287554,img_01724.jpg
0.961180199296,0.00340294355508,0.00852093158216,0.00375530182301,0.000280651477061,0.00497089360189,0.000295261945521,0.0175938167193,img_01745.jpg
0.982815566713,0.00164743157326,0.0022157700477,0.0060763430151,0.000404407447474,0.0027632370734,6.67244398278e-05,0.0040105196902,img_01771.jpg
0.483131409081,0.00126419269544,0.00270081870489,0.00180134553886,0.000220300021847,0.000983516945422,0.355227799525,0.154670617488,img_01773.jpg
0.791461051738,0.00756540262549,0.00160008551066,0.0533585104609,0.0596934816891,0.0501116724605,0.0013961786284,0.0348136168865,img_01781.jpg
0.00799383800562,0.00140951362669,0.000286410025886,0.964862717032,0.00174139053221,0.000139450764547,9.20831579962e-05,0.0234745968548,img_01782.jpg
0.934014671552,0.000277088703558,0.00027917716986,0.0577256297087,8.72839385837e-06,2.08666820359e-05,4.4952707219e-05,0.00762888508269,img_01802.jpg
0.00216766473941,0.0115177882502,0.949366989965,0.000245032604576,0.00105358381772,0.000373805773187,0.000193823731668,0.0350813111185,img_01803.jpg
0.560366641901,0.00738714477867,0.000261239429767,0.0104957425524,0.00187132077428,0.403293618554,0.00899556912779,0.00732872288195,img_01824.jpg
0.0270702672325,0.828867974695,0.00140026446613,0.132710816011,0.000928625186452,0.000525680638326,0.00172156682613,0.00677480494422,img_01825.jpg
0.948721950461,0.00313289923436,0.00203318625829,0.0192241056989,0.0061079003346,0.00837614644019,0.00014908647303,0.0122547250995,img_01831.jpg
0.221276469179,0.0700037468895,0.10176378254,0.0156921738578,0.0078463851958,0.0179629787656,0.0080877073106,0.557366756261,img_01834.jpg
0.0335163649004,0.0105573743768,0.000289440000945,0.0110412571557,0.0024428182161,0.0029823795029,0.0076312764208,0.931539089426,img_01847.jpg
0.572877450623,0.0132394322462,0.00177879000408,0.00820998322769,0.000884004996344,0.0115073574455,0.00724338407214,0.384259597385,img_01853.jpg
0.991768618079,5.81107963743e-05,2.46681644202e-05,0.00523058815507,1.69463040412e-05,1.4692949937e-05,8.86896638747e-06,0.00287750658508,img_01856.jpg
0.755960204913,0.00237054963869,0.0104797081099,0.0141007976727,0.000868617393013,0.0133266715651,0.151249583084,0.051643867624,img_01860.jpg
0.667032475891,0.0149711548227,0.0255415778512,0.0318392585684,0.00174910131991,0.216304038716,0.000977549293779,0.0415848435365,img_01862.jpg
0.331664267483,0.00370337390535,0.00234218142564,0.247609723089,0.00205044323632,0.363030074214,0.0154454988637,0.0341544377831,img_01874.jpg
0.130059695273,0.0460842920611,0.00522371071955,0.0147091839091,0.0234412601096,0.569145701036,0.00907938221097,0.202256774681,img_01888.jpg
0.626800520977,0.110367222729,0.00473392597681,0.00778248292227,0.154791646554,0.0282905407423,0.0148059300668,0.0524277300321,img_01918.jpg
0.828623530917,0.0253529381852,0.00660575002779,0.121035229416,0.000779280459443,0.0142294112057,0.000432532250648,0.00294132753785,img_01930.jpg
0.903446205428,0.00489815539823,0.00299931262325,0.048755033454,0.00103682246723,0.0155080853262,0.000417934492824,0.0229384508107,img_01932.jpg
0.0551728897178,0.00598893542813,0.00419216158965,0.0252564568631,0.00012498698036,0.000618191491096,0.000877046403204,0.907769331527,img_01955.jpg
0.954764407826,0.000131110727653,7.90600945454e-05,0.0311443396712,7.6206036469e-05,0.000220823624195,2.03714718451e-05,0.0135636805477,img_01963.jpg
0.911043672828,0.0517330718589,0.000307039950472,0.000663727125613,0.00446957746135,0.000632437095397,0.000948990608217,0.030201483072,img_01966.jpg
0.531943762028,0.0479846777661,0.00392322555118,0.115910486225,0.00276167142774,0.00471740827892,0.00325946602118,0.289499302701,img_01976.jpg
0.259134420662,0.00747622765503,0.0187680821588,0.603557222826,0.00113937172923,0.0398325456506,0.0024618487087,0.0676302806098,img_01983.jpg
0.27847354565,0.0798071832067,0.00806842779879,0.0139659811101,0.00412732026873,0.00823041474207,0.0056469325531,0.60168019467,img_01984.jpg
0.101397631917,0.124646369167,0.00884330898717,0.0223392378801,0.0225982036695,0.530460302368,0.0179347073195,0.171780238691,img_01995.jpg
0.0110207785222,0.0132351010679,0.00104998586846,0.00331702921334,0.00518408168688,0.94972650293,0.00646942813928,0.00999709257187,img_01996.jpg
0.945588678381,0.021092522435,0.000170955222693,0.00314300046791,0.000242649540717,0.0159537287373,0.00169794942904,0.0121105157869,img_02001.jpg
0.503572240448,0.0149589450111,0.143703387137,0.0748149903736,0.127144410508,0.0536385488953,0.00732898478743,0.0748384928404,img_02006.jpg
0.961983812382,0.000258549525193,0.000507567378964,0.0218527725315,0.000623011376605,0.00757658653827,0.000615061489322,0.00658263877777,img_02066.jpg
0.801783075078,0.0250932083408,0.00407513838245,0.012848409499,0.0353352945501,0.0329098458693,0.00133177936272,0.0866232489172,img_02074.jpg
0.0711368417976,0.126627863539,0.00303995873007,0.758909486731,0.001348903675,0.00672626661366,0.00336711996864,0.0288435589455,img_02076.jpg
0.857978720491,0.00422390628825,0.00161426505514,0.0263212490661,0.0586437423689,0.0386055170051,0.00111382471203,0.0114987750132,img_02077.jpg
0.0121769661697,0.000445539277997,0.000314280317218,0.934512044554,6.68985292008e-05,0.000135031146173,4.29951057452e-05,0.0523062448997,img_02078.jpg
0.0500912397906,0.000871979370823,0.00108275329259,0.925023186278,0.00128787217994,0.00319984288096,0.00812802993124,0.0103150962755,img_02082.jpg
0.000807977724033,3.32321956874e-05,3.22102790986e-05,0.997996648131,3.13715792202e-05,0.0002359765674,5.79267126073e-05,0.000804656810922,img_02083.jpg
0.952737601326,0.0189095023008,0.00652075407824,0.00149206565355,7.29952143377e-05,9.8891450668e-05,0.00211140241675,0.0180567875594,img_02096.jpg
0.137940369605,0.0116260688199,0.0389183418193,0.0112874095948,0.00399191852082,0.771499626331,0.00143328446929,0.0233029808401,img_02119.jpg
0.331338430512,0.0105698950918,0.0043942836541,0.0246781797564,0.00561387867761,0.352346765502,0.0118172436627,0.259241323144,img_02124.jpg
0.00939941472101,0.00490537300247,5.48896781269e-05,0.982927653981,7.76869755309e-05,2.08578125424e-05,0.000135705860101,0.00247841796955,img_02135.jpg
0.921998400094,0.00182104968643,0.000998636569103,0.0711152144395,2.99861262298e-05,0.000760805270624,9.56848044371e-05,0.00318022300977,img_02146.jpg
0.668341477436,0.0328627508046,0.00431148941647,0.222761268799,0.0174632676211,0.0485337113505,0.000411641949642,0.00531439262272,img_02159.jpg
0.82802811501,0.00247950106264,0.0152385523257,0.080267512589,0.00100080257376,0.0327881838399,0.000416964465689,0.0397803681336,img_02172.jpg
0.194178029742,0.122897804766,0.00385700374927,0.0315458877417,0.00742282504547,0.540428849928,0.0114964993137,0.088173099714,img_02180.jpg
0.940367971535,0.00484167933545,0.000275914260413,0.000752695631167,4.52554137009e-05,0.000731627676841,0.000849907913113,0.0521349482346,img_02188.jpg
0.448622139736,0.00239465994018,0.00162829524255,0.0390856415417,0.000623790284114,0.00388856976793,0.000800147244662,0.502956756242,img_02194.jpg
0.663696096536,0.00272567947441,0.0019901734475,0.0363066445008,0.00146105103271,0.234202447206,0.00482272393118,0.0547951838711,img_02209.jpg
0.247465552009,0.084624918401,0.0177892164321,0.101548067157,0.00532587003732,0.0109197750765,0.00644703994953,0.525879560938,img_02216.jpg
