image,ALB,BET,DOL,LAG,NoF,OTHER,SHARK,YFT
img_00005.jpg,5.54235398908e-05,6.65816208309e-08,0.000290845555777,1.41601332278e-05,0.99954372491,2.61063361773e-05,2.84441713022e-05,4.12287716425e-05
img_00007.jpg,0.977838727069,0.00372890226061,0.00204497070334,4.84564598171e-05,2.69232647968e-08,0.00128905711188,0.0145089731204,0.00054088635126
img_00009.jpg,0.997309277677,3.37442920492e-05,2.28715926156e-05,4.06383166025e-07,4.90831765134e-08,0.00253015959239,0.000103490543949,8.36113118039e-10
img_00018.jpg,0.997549360357,0.000173010710761,0.000482335477952,0.000871899649717,5.11562359559e-13,5.84442470334e-06,0.000917546283424,3.09639997941e-09
img_00027.jpg,0.0706472193498,9.76669102379e-08,4.13704032989e-07,7.92657828078e-05,5.06036812303e-05,1.33427832278e-05,0.000586368352343,0.92862268868
img_00030.jpg,0.0016398474949,0.0187466567408,6.36934394429e-05,0.000149847372735,0.0115389705213,0.0147542301892,0.953100681902,6.07233923784e-06
img_00040.jpg,0.14981007854,0.00404078206314,0.00117387416508,0.000994705671971,0.121886151994,1.6888444687e-05,0.0214757568698,0.700601762251
img_00046.jpg,0.999741139596,1.1394370923e-08,1.27427406839e-05,4.20078129818e-05,0.000198782512403,4.31183059166e-07,4.88442795192e-06,3.32518415745e-10
img_00053.jpg,0.978639406012,0.00131575327269,0.001279967592,0.0185701723464,0.000116654441721,4.28472981152e-05,1.12071992603e-05,2.39918379521e-05
img_00071.jpg,0.365976330346,0.29898306467,5.29943323304e-05,0.3349777258,6.90688091057e-11,4.50988058877e-07,9.28394877453e-06,1.49845212436e-07
img_00075.jpg,0.993388021441,1.01147662408e-05,0.00565358058246,7.65430863137e-05,7.54489640226e-06,0.000793709804081,1.07239662842e-05,5.97614576503e-05
img_00102.jpg,0.608707575872,0.000197652618318,1.2828197312e-05,0.00107794066286,0.000227775776534,0.000319929123535,0.0011512966201,0.388305001129
img_00103.jpg,0.992746249571,5.14725459182e-08,0.00368738790955,0.000375452366821,7.47848395554e-08,0.000214566955782,2.58526420199e-08,0.00297619108677
img_00109.jpg,0.785502996528,3.37539621731e-05,0.0937325368,7.97954837488e-06,3.34609855135e-06,2.98099683189e-06,0.00321004896031,0.117506357105
img_00119.jpg,1.27595210912e-05,6.02146230071e-07,9.31048890353e-05,2.9530159584e-05,0.996529166302,5.58238802208e-06,2.03957449291e-08,0.00332923419876
img_00120.jpg,0.0623125527832,0.000106136001274,0.00122821816992,0.000498844400632,0.000102735266584,3.40621142179e-07,0.0063506028901,0.929400569867
img_00125.jpg,0.856251895179,0.000825119621063,0.117156765243,0.000138967193594,3.58404123743e-07,0.000810030497525,0.000500580616348,0.0243162832457
img_00128.jpg,4.1812317054e-05,0.0585671593726,0.854220614501,4.4361377006e-06,2.15332254835e-06,0.000744014622876,3.54057220543e-06,0.0864162691536
img_00129.jpg,0.791443638818,0.00178576406164,0.00365772675863,0.0154961058208,0.0109854449311,6.64034498401e-05,0.0279734705048,0.148591445655
img_00133.jpg,0.785758845756,1.56512125192e-08,3.20577641762e-07,0.00258504741469,0.211591499572,4.62746060802e-05,7.68088764141e-07,1.72283332219e-05
img_00138.jpg,0.991294787334,0.0052033680686,0.00171089030476,0.00104850109103,0.000724285534899,1.45488675987e-05,3.60775611595e-06,1.10431642062e-08
img_00141.jpg,5.40955835386e-06,0.000130217800898,0.000333562912281,6.33333330619e-06,1.47329402226e-05,1.52483981917e-05,0.000446580637557,0.999047914419
img_00152.jpg,0.99219495465,2.66170738212e-06,0.00287914348452,8.0430470512e-05,3.32965793913e-07,0.000169238806758,5.98759734437e-06,0.00466725031729
img_00161.jpg,0.0104276226977,6.71095528523e-05,0.000299751115183,0.000484398881974,3.12923470977e-08,0.000804726698662,0.00031153307201,0.987604826689
img_00164.jpg,9.20590489944e-10,0.000144642223515,1.10466521043e-06,2.36560119193e-06,0.836198376993,1.23358671985e-05,0.000112618009787,0.163528555719
img_00170.jpg,0.803903780441,5.10125544011e-06,4.83142537107e-05,0.000912108348509,0.00152026207032,1.54366494466e-06,2.9203866196e-06,0.193605969579
img_00171.jpg,0.0115403997671,0.000136514491121,9.08411467878e-05,0.00959449020915,6.95864878311e-05,0.978343661176,8.68274933936e-08,0.000224419894928
img_00172.jpg,0.447608470004,4.10757686449e-10,0.00024332860619,2.19133071764e-06,0.552138142182,1.41608073359e-06,6.34349694823e-06,1.07889367022e-07
img_00175.jpg,1.72229143049e-05,0.00313903607249,0.0212894846149,0.0326519923235,0.000833688728875,0.659369831963,9.53847603703e-05,0.282603358623
img_00180.jpg,0.0277689536829,9.82772296302e-05,0.000143524324692,2.04101723623e-05,7.68709475104e-05,6.97269665801e-06,6.65197351618e-05,0.971818471211
img_00196.jpg,0.0325042642215,0.00178658867564,5.0068616128e-05,7.24878299043e-05,0.96522028555,1.43161291843e-06,1.89575163201e-07,0.000364683919018
img_00212.jpg,0.0165337623375,1.6297405512e-06,1.57758164544e-05,0.000100839645247,0.974052195559,1.65537669085e-06,0.000109200725077,0.00918494079954
img_00223.jpg,0.565787033625,7.91792715303e-08,0.000431687016243,0.00119466231372,2.11477147273e-06,0.432565433656,3.26148400086e-06,1.57279544882e-05
img_00230.jpg,0.962214820544,0.000231793904175,0.000221965439523,7.50982039858e-05,1.16368222522e-11,2.16776570033e-06,0.000319456637379,0.0369346974932
img_00232.jpg,1.36224627547e-08,0.000726961351992,3.78074205098e-07,6.64148578243e-06,1.22868530873e-08,0.0153458470096,0.983899557447,2.05887216599e-05
img_00244.jpg,0.29622055457,0.00280565478944,0.000301952471784,0.0022713524379,1.11362415865e-05,0.347702787459,0.0276823350797,0.32300422695
img_00272.jpg,0.970260299063,0.0257171393041,0.000174408201403,0.00119335695925,0.000116520346396,9.76057171086e-05,1.90074059969e-09,0.00244066850756
img_00280.jpg,0.995998332517,7.24967367314e-06,0.001143798822,9.55064972223e-06,0.00180582157659,0.00021520557262,2.14867234542e-05,0.000798554464724
img_00282.jpg,0.727293116515,1.69433386431e-05,0.00010786289206,0.0303736808264,1.09373168355e-05,0.242191374176,5.92410200444e-07,5.49252428762e-06
img_00285.jpg,0.000364123020623,0.0327149288402,1.01220618804e-05,2.34619001015e-05,0.020431522839,9.00997867706e-05,0.000905416655471,0.945460324896
img_00289.jpg,0.991310928747,6.66822166261e-06,1.85157806267e-06,0.00555918502858,0.00074813717051,0.00225526925337,2.91986335022e-05,8.87613676507e-05
img_00292.jpg,7.71959434326e-06,0.000270854255184,2.26625450222e-08,0.000663178329388,0.835356234778,0.0589242505252,0.000129629940783,0.104648109915
img_00302.jpg,0.0388312888434,9.38247395187e-05,7.65945294246e-05,0.00201376599753,0.838296263256,8.84269851645e-06,0.0489075947617,0.0717718251736
img_00311.jpg,0.973855079712,0.0260665597272,1.2258708059e-06,5.85582576394e-05,4.71598347114e-10,3.73063778633e-09,1.56311868492e-05,2.94104280199e-06
img_00320.jpg,0.998378893855,0.000180329226538,2.48137396569e-05,0.000226371137064,5.95574593128e-07,1.88405030594e-06,0.00118683253844,2.79878531389e-07
img_00331.jpg,0.997085858963,1.89472086083e-06,4.59205923941e-05,2.65321954668e-05,0.00180134264359,2.58300155595e-06,0.00103544387199,4.2401131265e-07
img_00358.jpg,0.19761055349,0.000190272205107,7.48166148445e-06,0.00359166551178,0.00108495518196,0.0105122331591,0.00456693274638,0.782435906045
img_00374.jpg,0.633605653553,7.08281936855e-06,0.000568795682494,1.76298413715e-05,8.22551531107e-10,0.00426387961928,0.000156121463059,0.361380836199
img_00375.jpg,0.0226190994283,0.0238886998287,0.424377217329,0.0107646215005,0.000448303788523,0.0146078411234,0.0516402710344,0.451653945967
img_00376.jpg,0.685009057678,4.72959970817e-07,0.000270449114965,2.3429183093e-05,0.000160916305129,4.79974402732e-06,0.00157369963977,0.312957175375
img_00380.jpg,1.62540919712e-05,0.0339058796903,0.0472577664773,0.00653563986483,0.910126254738,0.00209975655718,5.80543687982e-05,3.94211472482e-07
img_00383.jpg,0.987683325055,1.33011692675e-05,9.10865874491e-07,0.0101234113077,3.32661891523e-11,4.17928150772e-07,0.000535392634709,0.00164324100619
img_00398.jpg,0.0176209287136,0.820903827543,7.37052827749e-07,5.88928367264e-05,0.0745208391642,5.64585625055e-06,0.0841917041002,0.00269742473316
img_00407.jpg,0.983783205047,0.000211482539092,0.00109295649966,0.00561020509448,2.6341390881e-06,5.80104120879e-05,2.21663254348e-06,0.0092392896356
img_00417.jpg,1.45014388463e-05,5.82242452795e-07,5.09258933161e-09,4.87787313207e-08,0.498210742875,2.58670668784e-10,4.08414737221e-10,0.501774118905
img_00432.jpg,0.000594452765976,0.000364848828516,9.42342110558e-05,8.50326661607e-05,0.000943538769501,0.983576801475,0.000604829797051,0.0137362614867
img_00442.jpg,0.000598098093951,0.00242948156649,0.00119533554405,0.000338771236332,9.98903867737e-08,6.21023875677e-06,0.00024407601794,0.995187927412
img_00446.jpg,0.924106626421,1.39384181078e-06,3.78854076048e-07,2.47439385222e-05,0.00307180873035,0.000215972320381,7.86712485111e-06,0.0725712087693
img_00469.jpg,1.5847174824e-05,0.000348584165623,0.0852029088793,0.00885845179422,0.00469250996194,0.00369256116829,0.000151868640856,0.897037268215
img_00473.jpg,0.999889536059,3.46539765223e-07,2.68469156108e-05,6.27139134798e-07,5.77081329513e-05,1.61021449165e-06,2.26067345839e-05,7.18264927705e-07
img_00483.jpg,0.841095943825,8.79713830646e-09,0.000166478018465,8.40710841151e-05,0.0275793422329,0.000406691474846,6.81588394991e-06,0.130660648683
img_00484.jpg,3.29888341248e-06,0.000276883195178,0.00103069407802,0.00052838485197,5.26230147718e-07,1.31919094966e-09,0.000267364918269,0.997892846524
img_00486.jpg,0.985350178583,6.89514387387e-05,0.0130128291264,0.00122182600463,0.000105041423209,0.000240923166281,2.50257901697e-07,1.98494059375e-13
img_00487.jpg,0.499644842794,1.09117861256e-07,5.0798440967e-06,0.00170489348098,0.498622551685,4.50252513514e-10,2.25226275427e-05,1.88255684003e-13
img_00493.jpg,4.77335144711e-05,0.00143971068351,0.000249783984086,3.06026232916e-05,0.988037991987,0.00855612429498,4.65430821397e-06,0.00163339860399
img_00518.jpg,0.995086475557,7.61878102048e-05,0.0043335161684,7.14239999534e-05,1.04234006846e-06,6.35137856215e-06,0.000424241347246,7.61398664502e-07
img_00533.jpg,0.520935501989,0.00277856029118,2.21997956662e-05,0.00236209263978,0.0180334020036,1.27160024395e-06,0.000110734891691,0.455756236789
img_00538.jpg,0.980868887607,1.7844384987e-06,6.14683221089e-06,0.000110343205482,0.0142871133988,0.000342253366964,0.00438344337547,2.77755142859e-08
img_00543.jpg,0.999113083322,0.000782354887853,1.10909334374e-07,8.57621182402e-05,2.62582335249e-09,2.06202922564e-07,1.84721990507e-05,7.7348994925e-09
img_00550.jpg,0.538500985748,6.94847972716e-05,0.00176686953827,0.000147574901982,1.43010362789e-05,0.444403079841,0.00333297038611,0.0117647337509
img_00551.jpg,0.884495080152,1.00199243075e-06,0.00017962836911,4.99665590361e-05,3.71978212894e-06,0.058797360689,1.11892272098e-05,0.0564620532292
img_00564.jpg,1.21374375783e-05,8.40880973443e-06,0.000974554649411,0.000247403944224,0.992981033544,0.00363496209583,0.00206832668863,7.31728310424e-05
img_00575.jpg,0.867379381086,2.54707508545e-07,1.14425715068e-06,0.000139394892671,5.62393494853e-05,0.113602931108,0.017453243497,0.00136741110196
img_00582.jpg,0.016789923811,0.0152919636269,0.0011625248585,0.000240409319355,0.888719852323,0.0774694858328,0.000171903329091,0.000153936899444
img_00584.jpg,0.990949106793,0.00232087925367,9.56680420186e-05,3.35897008345e-05,7.69746978429e-05,3.10336699731e-05,0.00649274770643,1.36025794528e-10
img_00587.jpg,0.336533181684,1.78907486497e-08,3.93761938537e-05,8.64500198296e-05,0.0252860617588,5.69723845122e-07,0.0199736086638,0.618080734065
img_00590.jpg,0.0637694640554,8.52760880708e-05,0.000950861363766,0.00311069450722,0.00275981077217,0.0538576440755,0.000599820923753,0.874866428214
img_00591.jpg,0.939812530649,1.51800021417e-06,6.63960551058e-06,3.58413248773e-05,5.39661683694e-07,0.0161967414354,0.000459036303614,0.0434871530194
img_00598.jpg,0.98820419292,2.3618353618e-05,2.41374149414e-06,0.000983322050014,1.60470304299e-06,0.0107291111305,2.64732278988e-05,2.92638731171e-05
img_00599.jpg,0.00666834213768,5.52592275849e-05,9.20522250676e-06,1.2204660564e-05,0.00182597329622,0.000442014705584,0.00212422367295,0.988862777077
img_00612.jpg,0.66501544281,5.10081233804e-05,5.88819461403e-07,0.00022585796918,1.32851304642e-06,0.06437274674,0.270316391774,1.66352508352e-05
img_00618.jpg,0.988083953474,7.85918605221e-09,2.91523584817e-05,0.000223339906972,0.00423112298373,8.93800751804e-05,0.000311517399932,0.00703152594257
img_00620.jpg,0.935890039813,4.40825454379e-05,0.000862965019968,0.00011376581804,2.48667695834e-05,0.063044220821,2.00590126593e-05,2.00253075301e-10
img_00642.jpg,1.28637480831e-05,0.00241523983065,0.0377376771642,0.959605058517,1.80908950028e-05,7.39237529372e-05,0.000134643382832,2.50270930922e-06
img_00646.jpg,2.43305342994e-09,3.23973893129e-05,0.000126924140202,0.000200472128598,0.000122834648819,0.000434918725561,0.00104873428556,0.998033716249
img_00648.jpg,0.99913130472,0.000388324536308,3.79671621034e-07,5.4979480898e-05,2.64009063534e-08,7.41266950951e-10,0.000229065821126,0.000195918628324
img_00650.jpg,0.000892831327449,1.51048853485e-06,8.958101936e-05,2.76887537359e-05,0.148278832244,0.00039131868996,0.00025914354647,0.850059093931
img_00654.jpg,0.987717251198,0.000300265190179,7.49812702264e-05,0.000933465049749,1.89496257074e-05,0.010949737504,3.43317186359e-06,1.91699069767e-06
img_00664.jpg,0.997893496168,9.04580777517e-07,5.52111566077e-06,9.53994708595e-05,3.82037023332e-06,1.02654819884e-06,0.000946722940582,0.00105310880566
img_00667.jpg,2.88009897707e-07,0.017204137793,0.000108591964024,8.43150401475e-05,0.982503074041,6.88348819347e-05,4.36359598591e-07,3.0321909964e-05
img_00676.jpg,1.14313538091e-05,5.86309025581e-06,1.71836759178e-05,5.9638919598e-05,0.999708732019,2.05793981432e-06,7.94071520597e-09,0.000195085061387
img_00697.jpg,2.3381331625e-06,0.00569038731822,0.024175359048,4.26287044055e-05,5.95410472096e-05,7.37353116302e-06,0.000139251739465,0.969883120478
img_00708.jpg,0.752636507272,4.9406947439e-05,2.82834645015e-06,0.000620033478285,0.00114241681724,0.243382151228,0.00216307247393,3.58343733554e-06
img_00716.jpg,3.97404455972e-06,0.0898851908094,2.8264128462e-05,0.000482613503808,0.0216530669755,0.851180050091,0.00121842832832,0.0355484121185
img_00717.jpg,5.91507085429e-07,0.791732524505,0.000463391017488,0.00106327903567,1.43888715455e-05,0.206461052485,0.000182923249385,8.18493290161e-05
img_00718.jpg,0.218697863892,0.000359630556374,0.000251752134151,0.000339160622752,1.6097402811e-05,0.00354145601538,0.00110695512507,0.775687084251
img_00723.jpg,0.0166368263872,0.031182168266,3.32928119692e-07,0.0520702674555,0.749708718517,0.0224661848669,0.127910628988,2.48725908934e-05
img_00724.jpg,0.0164653689154,5.13845492507e-06,2.64206939838e-05,2.75813736088e-05,0.00306611501655,8.0375335164e-06,0.781028343374,0.199372994638
img_00726.jpg,0.998518436026,5.08935244529e-06,5.07511244752e-06,2.98105663339e-05,1.45232274551e-06,9.02558173938e-09,0.00138756864704,5.25589469537e-05
img_00729.jpg,0.971791516458,1.00187632373e-06,0.0129336587669,0.000363418345372,0.0148112288894,6.90579808401e-05,2.5143790799e-05,4.97389219445e-06
img_00730.jpg,0.171105046797,4.73093639333e-08,3.1677996664e-05,2.04556236949e-05,4.35809691494e-05,3.79747787254e-11,0.00614224125048,0.822656950016
img_00757.jpg,0.987047165293,1.3020472022e-05,0.000152271852381,0.00957567925916,1.3213647269e-06,0.000180256564871,5.64204324233e-06,0.00302464315101
img_00760.jpg,0.973880810099,8.01458292116e-05,6.27159429205e-06,0.0259410192184,2.15509144332e-10,7.07170448108e-05,2.01863066283e-05,8.49692075612e-07
img_00763.jpg,0.000225322350607,8.57123045961e-06,1.99990650289e-07,4.69308163997e-06,0.695733853266,5.30866205839e-07,9.49503873697e-06,0.304017334175
img_00764.jpg,1.99362245566e-15,0.104301321239,0.00501305879227,0.000970584516416,0.74975216283,0.000566367945106,0.000423129190205,0.138973375487
img_00765.jpg,0.00574773909774,0.000200071011954,7.68760014923e-05,0.0412130949581,0.0416031011561,0.816568794586,4.20215010868e-05,0.0945483016879
img_00772.jpg,0.183926133523,0.00289966577279,0.811176136522,0.000410110668504,0.000840884143324,7.80030923333e-05,0.000182330402904,0.000486735876035
img_00773.jpg,0.00925973906529,0.00303558003,0.963464907084,0.0020976244324,0.00881530647803,0.0133266391785,2.01311423444e-07,2.42010597838e-09
img_00777.jpg,0.94737735557,2.7738318332e-05,6.33270622298e-06,0.000343452178576,0.000151496206706,0.0510933047446,0.00100032022686,4.85841612868e-11
img_00780.jpg,0.000805380758564,0.00248791715345,0.00196809503886,0.0023424348725,0.00695398825359,0.334345293263,0.00176842932865,0.649328461331
img_00798.jpg,0.990168422058,0.000107733717262,4.73412120009e-06,0.000235912988517,7.24846183133e-05,0.000543404758935,6.44975071037e-05,0.00880281023039
img_00808.jpg,0.999164406857,0.000100857674059,8.41146623269e-06,0.000364738777493,0.000110029434749,0.000117496602953,5.87031407721e-08,0.00013400048409
img_00816.jpg,0.998715661035,1.06357982985e-05,0.000245918112493,0.000114082618922,0.000145604797433,8.33716049995e-07,5.74599265182e-05,0.000709803995608
img_00828.jpg,7.00821207189e-07,0.00593327221095,2.78098439521e-05,8.14455281955e-05,0.993860922091,9.46847032458e-05,4.45489712247e-07,7.1931191373e-07
img_00833.jpg,0.916352687081,3.54859000896e-06,0.000232268910147,0.000102895087521,0.000271675036905,0.0770108818949,0.00602597403571,6.93635169602e-08
img_00837.jpg,0.999170917124,0.000221164576147,1.15764836352e-06,0.000148256402918,1.49927271062e-05,0.000426756382251,1.23173671538e-05,4.43777209092e-06
img_00855.jpg,0.000104050630702,0.00123472099746,0.000768631518676,0.000310535457297,1.45928085697e-07,0.000101708236488,0.00064751438223,0.996832692849
img_00857.jpg,0.999569052247,5.38979987838e-05,8.93108148381e-05,0.000119444411991,3.90185868829e-08,1.20379611743e-06,0.000166934137287,1.17575479551e-07
img_00858.jpg,0.984647778714,2.30567575493e-07,1.44008392376e-05,2.60867639855e-05,0.00105270609696,0.00925633731555,0.00194248983545,0.00305996986755
img_00865.jpg,0.887261172845,0.0537692407443,0.0211595000166,0.00532690626333,7.88109728513e-05,0.0323574506484,4.60518879749e-05,8.6662177433e-07
img_00876.jpg,1.96025656676e-09,0.000100191761247,0.000131667610876,0.000149171949412,0.99931699797,0.00024998369783,9.05421160015e-08,5.18945084982e-05
img_00889.jpg,0.508225405725,6.72971145118e-07,0.119046415507,0.000719486225605,0.316821924041,0.00295187564909,0.00333135785053,0.0489028620304
img_00894.jpg,0.0127377381603,0.000229979745528,0.00193158457634,0.000347516042273,0.0222173107634,0.891728203591,7.52047251559e-06,0.0708001466487
img_00902.jpg,6.1664992732e-11,0.156974971544,3.06853662899e-07,2.65999422697e-05,1.12021721155e-08,0.042207889173,0.800788638696,1.5825271371e-06
img_00914.jpg,3.48678136029e-06,2.03614290786e-06,8.69795026837e-05,8.56335279511e-05,1.97321262882e-07,3.32304021829e-06,0.000169043913109,0.999649299771
img_00921.jpg,0.9927948628,1.59072771075e-07,9.72458871301e-05,1.32111565303e-05,8.96300842214e-05,0.00423289592321,0.00266023817353,0.000111756902183
img_00927.jpg,0.703858925417,0.000778865161115,0.00860272705777,0.00161871877388,0.0211474241342,0.0675392357013,0.180682973618,0.0157711301372
img_00943.jpg,0.749484596069,2.07984219572e-08,0.00031573478856,0.000109278004094,0.0110837622522,4.62309932464e-05,1.182777807e-05,0.238948549316
img_00948.jpg,0.990697204262,9.85749498198e-06,3.77092413208e-05,3.63143097354e-05,0.00919390705247,8.26820613237e-07,5.08370729386e-06,1.9097111291e-05
img_00950.jpg,0.0204496323024,9.21595640298e-08,0.00163424829757,1.35509194256e-05,0.975661860679,0.000803288708676,7.97067274405e-06,0.00142935626029
img_00959.jpg,0.755506717659,3.55573814529e-06,0.000413760913665,0.000189035845156,3.62870381484e-05,0.000263862879892,8.9525067344e-06,0.243577827419
img_00962.jpg,2.32479364724e-12,0.0350402380469,0.00103290079795,4.25371610605e-06,7.96249321224e-06,0.000327928321835,0.000174130373383,0.963412586248
img_00964.jpg,0.000179679183009,0.00173469561471,0.997816655341,1.48150101367e-05,2.50972037598e-06,0.000183195727813,3.58548932715e-05,3.25945093219e-05
img_00966.jpg,0.00049141507629,4.43102332526e-08,0.000162569507301,8.55554215007e-05,0.996483109503,9.82861804866e-06,3.82031412235e-06,0.00276365724939
img_00974.jpg,0.00635794878938,0.991868759972,0.00137919635611,0.000308578976138,6.8240004227e-08,4.7216692835e-06,7.6802378045e-05,3.92361928228e-06
img_00979.jpg,7.98357140029e-05,0.000399800548853,0.00659048908143,1.00850144752e-05,2.87955419593e-06,1.51146799041e-06,5.72099943837e-05,0.992858188625
img_00982.jpg,4.55572770933e-06,0.423837211319,0.00302669409704,0.000333022205631,0.565100226077,0.00570391787821,0.000430801007863,0.00156357168731
img_00985.jpg,6.53886557338e-07,5.89894889546e-05,4.15371765723e-08,0.000321045040471,0.0651765620248,5.63762848062e-05,2.75256650083e-05,0.934358806072
img_00999.jpg,0.508653014316,0.000567686380471,9.64389573126e-06,5.57092703123e-05,3.05669110462e-05,3.73836428053e-07,0.00129017707761,0.489392828312
img_01022.jpg,0.866310141875,0.000129450828458,3.957768734e-07,0.000834292975849,0.131524929871,0.000273859286037,3.29417804264e-05,0.000893987606051
img_01031.jpg,0.994496423433,3.24370615589e-06,5.77853288456e-06,4.48505202637e-05,0.000708020780025,0.0042719000347,7.31927228474e-06,0.00046246372083
img_01035.jpg,0.979203937871,7.97279248801e-07,1.25775451152e-06,0.000445893773924,3.66886357643e-08,0.0203441316318,3.94491335212e-06,8.72179423395e-11
img_01043.jpg,2.30012939345e-05,0.990307371404,9.45672781392e-05,1.80364396331e-06,0.00787990569918,0.00121797136622,0.000475378497352,8.16733944746e-10
img_01058.jpg,0.00545733336861,0.000207043670054,4.05093257364e-05,1.0090650147e-05,0.000794926764457,5.22891324876e-05,0.000130698353218,0.993307108735
img_01059.jpg,0.00022506716186,0.0549176565234,0.000333188254377,0.00146857543769,0.0150784431927,0.181862979239,0.629041071329,0.117073018862
img_01090.jpg,0.00223932960031,0.000392431068526,0.000156686215587,0.000309009995222,0.996406842736,1.1551040568e-05,0.000405412550518,7.87367931364e-05
img_01102.jpg,0.654426158827,0.010052302819,0.000137660668918,0.0131696868225,0.000796054042089,3.29133974863e-07,9.01785117423e-05,0.321327629175
img_01103.jpg,0.498686358578,0.495528210296,5.06703518432e-05,2.99018623916e-07,6.16465917352e-11,0.00567022431954,4.65720561681e-05,1.766531839e-05
img_01116.jpg,0.99621630617,0.0026873059707,0.00026811146457,2.74763480804e-05,0.000411461654851,0.000309624443865,7.96970604689e-05,1.68871688491e-08
img_01134.jpg,0.916125500238,8.33782775281e-05,6.49162024439e-06,3.42856463572e-05,3.42897129836e-07,0.00304491218518,3.1208450323e-05,0.080673880685
img_01142.jpg,0.97267032573,2.90403658639e-06,7.54353803841e-05,0.000500999366363,0.0215240273848,0.00377304785856,0.000986324424077,0.000466935819489
img_01168.jpg,0.000841324053037,8.82503590708e-06,2.01639932997e-06,0.000441228430622,2.08557883244e-05,0.929142529877,2.98201696768e-05,0.0695134002459
img_01171.jpg,0.0320922568334,0.00036071143098,1.59350906018e-05,4.2700449349e-06,0.131096717476,4.89317892912e-07,0.00690823338176,0.829521386424
img_01177.jpg,0.754313897092,0.000124608946497,0.000156200425827,0.0020240730485,0.0105549048922,0.00109254758721,3.2480862564e-06,0.231730519921
img_01179.jpg,0.776727372967,0.175264709577,0.000237342983986,0.000394139588739,0.0472891344394,8.71961932485e-05,1.04062130143e-07,1.88034119833e-10
img_01188.jpg,0.0239129847321,2.87295944662e-05,0.000132056485812,0.0170186834742,0.00181243108902,0.950849717799,0.000157588423359,0.00608780840238
img_01198.jpg,0.0873749931359,0.0915345882158,0.00254608240132,0.00939596107638,0.774493750934,0.000316228510408,0.000484390800467,0.0338540049255
img_01204.jpg,1.46395171242e-11,0.820229093202,0.000908752709658,0.000280471995957,0.177363832733,0.000334605208777,1.35006335495e-05,0.000869743502773
img_01208.jpg,0.00213965761688,3.60542190178e-07,0.0022144832028,9.52998473879e-06,0.995504795883,2.85520255613e-05,3.29137173539e-05,6.97070279464e-05
img_01211.jpg,2.97618082642e-06,3.33843517621e-05,6.35589098967e-07,0.000573883422694,0.740432796398,2.58961843554e-06,2.35093995755e-06,0.258951383499
img_01213.jpg,0.977208276722,0.000366487386013,1.89557739006e-05,0.000102691652348,1.91910263107e-10,4.58893762676e-06,4.41563389392e-06,0.022294583702
img_01222.jpg,0.958776615638,0.00074854992847,5.25584735821e-06,0.00115941645437,5.21958705868e-10,2.90073692596e-06,0.00224699167182,0.0370602692008
img_01224.jpg,1.36818879427e-07,0.0111921627621,0.00898579518622,0.0001129621567,1.15798704538e-05,0.000106556188697,1.31646296871e-06,0.979589490554
img_01237.jpg,0.0111679441049,0.000176899848029,1.61534663796e-05,0.000237303513423,0.967732010293,4.64113611321e-05,0.020138506888,0.00048477052545
img_01249.jpg,0.0298668319654,7.22059466979e-05,0.55337607071,0.404954055978,0.00734212213514,0.00386892334899,0.000111732465269,0.000408057450736
img_01253.jpg,8.46768671391e-05,0.00588438546558,0.000287515474081,0.000340179922306,8.60158309073e-05,0.000617484121325,0.000421949877562,0.992277792441
img_01286.jpg,0.000519915726182,0.376918959827,0.000894688286037,0.00321151316902,0.00586260484035,0.45626296054,0.00014741546667,0.156181942145
img_01289.jpg,5.87059450046e-05,0.00476562656402,5.61411054879e-05,0.000148790461959,0.00201059530006,0.988843395593,0.00372908393502,0.00038766109579
img_01325.jpg,0.00314179682432,3.75457082499e-05,8.84813406136e-06,0.000171084656071,0.0490926855678,1.51985217635e-05,0.000107776472173,0.947425064116
img_01328.jpg,0.510777332342,0.000107581264895,2.94789585528e-07,1.63008503067e-06,1.21310261642e-08,2.37767294613e-07,1.43002829248e-06,0.489111481592
img_01366.jpg,2.23534857496e-05,1.71827945786e-05,0.00314965973316,0.0115431494946,0.000472902296341,0.89335139742,5.62480756188e-06,0.0914377299684
img_01371.jpg,0.544377450314,0.000546252255236,2.12296526794e-06,7.69534846208e-06,1.68894568896e-05,1.25132957046e-06,1.43600916926e-06,0.455046902322
img_01373.jpg,0.498308156837,1.06597966549e-06,1.12820684764e-05,0.00080687508291,0.4933524991,0.000188730216033,7.4505370826e-08,0.00733131621054
img_01377.jpg,2.50434978239e-08,0.0336005476366,0.000108692935387,0.0323471222814,0.929277443568,0.0046378374761,2.83310578954e-05,1.55109147239e-12
img_01379.jpg,0.978744229573,3.25222362175e-05,0.00296663770594,0.0101046471391,0.00788792447106,0.000246950038054,1.64978445548e-05,5.90992272739e-07
img_01384.jpg,0.732729554471,7.07099758157e-06,0.000171253629519,2.96314266637e-06,1.16869722485e-06,0.266813276641,0.000272319651655,2.39276900769e-06
img_01388.jpg,0.00352676109325,0.994130408892,5.97662202485e-05,5.49581131656e-06,0.000137543401414,0.00194370219043,2.16389386436e-06,0.000194158497369
img_01392.jpg,4.93109621288e-05,0.708179202388,0.289596872858,1.76993157649e-05,7.81359195446e-07,1.20679230262e-05,9.70602784504e-05,0.00204700491603
img_01399.jpg,6.56485353673e-11,0.135170487576,0.0123597427606,0.000111770027126,1.14951115621e-05,4.02876039804e-07,2.76789695669e-06,0.852343333686
img_01404.jpg,0.989095527097,1.02724106853e-07,0.000160713464372,0.00828449925137,2.30517667073e-05,5.61580228896e-06,0.00243022870987,2.61184284156e-07
img_01405.jpg,0.641411483442,2.11038052001e-06,0.00280197920691,9.9262687871e-06,0.355607542501,4.15528161718e-07,3.3956315495e-08,0.000166508715741
img_01413.jpg,0.999690469857,2.1733832768e-06,2.54861451839e-05,0.000203989199472,2.11387529289e-06,7.18045723096e-05,3.85905326058e-08,3.92437702544e-06
img_01426.jpg,0.0212999161416,0.947231964605,5.46107161828e-05,1.50388046763e-05,0.000537215885492,2.01573761306e-05,0.00459041185175,0.0262506846193
img_01431.jpg,0.724718197741,1.05582487556e-07,2.61533612281e-06,0.272562015759,1.97625352181e-10,0.00267492710464,1.09523633188e-05,3.11859158024e-05
img_01441.jpg,0.0412992866336,2.72816005084e-06,0.00446769989437,0.000128589145533,0.000125281720803,2.43908165906e-08,0.0001668777405,0.953809512314
img_01444.jpg,0.952430331222,1.54191805275e-05,0.0115281906576,1.99904752909e-05,0.0019691257944,0.0287117318943,0.000739739201218,0.00458547157476
img_01490.jpg,0.000934057472275,0.07343256475,0.919153907133,0.000155997771986,7.22956336878e-05,0.00142447093551,0.00435790153204,0.000468804771352
img_01495.jpg,0.49244064481,0.000993240024032,0.000383998816981,8.85892802081e-06,0.000541371106037,7.51129185151e-07,1.55640005175e-06,0.505629578786
img_01505.jpg,4.76932119437e-13,0.0253848274763,0.000137172606822,6.17780774044e-05,0.974361995229,4.18684273921e-05,9.61922145198e-06,2.73896165638e-06
img_01511.jpg,0.906243461033,0.000140323007426,0.0099474291658,0.0685802122542,0.0135202415693,0.00147363105925,2.0455089773e-05,7.42468214576e-05
img_01519.jpg,6.65589703362e-05,1.58324463349e-06,1.50085554613e-06,2.16702159259e-05,1.28981363333e-05,0.998476325162,8.52507106026e-05,0.00133421270465
img_01530.jpg,0.515698882289,4.17393551778e-07,7.16031722804e-05,4.53898122477e-06,0.484205487967,1.58569983726e-06,2.85003757795e-06,1.4634458885e-05
img_01537.jpg,0.99432233645,2.22900004794e-06,8.81657297307e-05,0.000232366285207,0.000387366924918,0.00496126648416,2.22524148367e-06,4.04388448575e-06
img_01538.jpg,0.89832281777,0.00235784938229,0.00256081102293,3.8960193024e-05,5.34909416369e-08,0.0966261824985,9.31936904927e-05,1.31951434576e-07
img_01541.jpg,0.930167052097,3.74247532809e-07,0.000239414449517,2.75799969534e-05,0.0670428529767,0.00167681915778,2.15357027442e-05,0.000824371371511
img_01543.jpg,0.996924873749,0.000479122803549,0.00020066797446,4.61276803071e-05,0.00183530250841,0.000157673872468,0.000183878191986,0.000172353220305
img_01548.jpg,0.998710313433,2.96263787117e-05,0.000404868546988,6.37017639012e-05,0.000128842598921,0.000311477081844,0.000316267611462,3.49025854481e-05
img_01552.jpg,0.927609862863,0.00814559894652,0.00752144509467,0.00132494054251,0.0318811979809,3.05620621682e-06,0.0170552842565,0.00645861410939
img_01561.jpg,1.92795293939e-08,1.00713379293e-06,4.24722938484e-05,2.70915784019e-05,0.986514624389,5.260094613e-06,1.30657246791e-05,0.0133964595063
img_01562.jpg,0.0334771321687,8.8779641422e-06,0.00165692020406,1.5766477436e-05,0.00372591694553,5.03620694609e-05,0.0111586259753,0.949906398195
img_01571.jpg,0.999640828477,9.26473953892e-08,0.000341286685044,3.39735167273e-06,1.57348678005e-06,1.08888407385e-05,1.86469257149e-06,6.78192873238e-08
img_01593.jpg,0.0166512841393,0.000150676467569,5.64992816699e-06,0.00148756435913,2.27940501331e-06,0.089001060319,0.00343983329707,0.889261652085
img_01595.jpg,0.000114327704977,0.000340924661164,0.000179583359064,3.22961808557e-05,0.998531393133,1.60132899929e-09,7.15865031519e-07,0.00080075749507
img_01616.jpg,0.993627657405,5.28516773856e-05,6.59517086771e-06,8.84913418172e-05,5.99499118849e-07,0.00122430071672,9.25707144146e-05,0.00490693347443
img_01618.jpg,0.848018518987,0.00055826292961,5.0635407634e-06,2.69680791915e-06,9.56074957905e-07,0.150823948659,0.000458753169903,0.00013179983119
img_01627.jpg,0.994454286604,0.000842266479032,0.00352187759798,0.00034902989025,4.1864282809e-11,0.000626142295277,0.000206354388745,4.27031082873e-08
img_01632.jpg,0.986385255851,1.01184136912e-05,2.15768585639e-05,0.000924395449652,0.00492908838897,1.22265346338e-05,0.000104500231575,0.00761283827208
img_01633.jpg,0.966854773842,8.45632776355e-07,9.63999776106e-06,1.25775360807e-05,2.24785163266e-06,0.0316667768672,0.0014527282684,4.10003899628e-07
img_01640.jpg,0.992086401791,0.00754609501276,4.5983360395e-07,0.000300495071361,6.2751278954e-08,4.03300425798e-08,1.96893049055e-05,4.67559053104e-05
img_01646.jpg,0.995470570445,6.74360868351e-05,0.000270348246259,9.06455185691e-05,0.00341209703987,2.08769750882e-06,0.00068512041149,1.69455491241e-06
img_01647.jpg,0.941586371664,3.95805606723e-10,9.12435584624e-05,8.12711854114e-06,0.058106203684,3.884486237e-06,0.00020397057389,1.98518925818e-07
img_01649.jpg,0.228480281579,0.00179554401651,1.09338866184e-05,0.00143157569492,0.445813173094,2.83444855955e-08,4.68891504419e-05,0.322421574235
img_01657.jpg,0.000116488150894,0.000421226965751,0.969132756582,5.06412934641e-05,9.65695527675e-07,3.30177483588e-06,0.0262467646983,0.00402785483969
img_01669.jpg,0.95513444623,6.23127882687e-07,5.5214135964e-06,0.0436970074906,5.92401174585e-11,0.00111100388847,5.10896503588e-05,3.08140215875e-07
img_01673.jpg,0.999946363571,4.90205559854e-09,8.65811766491e-06,4.96104247088e-07,2.52526881831e-05,3.50059259314e-09,5.24946319148e-07,1.8696169573e-05
img_01681.jpg,6.06907960919e-06,5.5073042854e-05,0.000270098866032,1.19296837228e-05,0.0594865582994,0.000104863970556,8.68389915227e-06,0.940056723159
img_01684.jpg,0.980470521656,0.000425022773419,0.0157752968479,0.00166179840819,6.86614767648e-11,2.64829024499e-08,8.99868003422e-05,0.00157734696264
img_01685.jpg,0.876648110004,3.17390123701e-05,8.14364597277e-05,0.000146831188527,0.0912901582275,0.0105215089057,0.00259484223592,0.0186853739659
img_01687.jpg,0.474714435974,0.338737658231,0.00110942963122,0.000559200057838,0.000149235506515,0.0081239056078,0.00116870737627,0.175437427615
img_01688.jpg,2.95027355065e-06,0.0048242851962,4.95244492565e-06,0.000136836612365,7.61347242842e-05,0.994520088021,0.000320030187089,0.000114722540731
img_01689.jpg,0.000182576991636,4.85823749729e-07,0.00639063756884,1.221982973e-05,0.000125313197122,0.00627568220147,1.47495756153e-05,0.986998334812
img_01716.jpg,0.0146502927363,0.000435759859414,0.000191690938188,4.55064350143e-05,0.984602387485,7.41391019906e-05,1.36606074496e-07,8.6838229549e-08
img_01717.jpg,0.000117142697379,9.75553454793e-05,5.14227204172e-09,0.000872555812072,0.992030858853,0.000355362215448,0.00651849744424,8.02248986722e-06
img_01724.jpg,0.95247512814,1.2303567702e-05,0.000790340784654,0.000178914884922,0.0280870060276,0.0167919352786,3.41961897318e-07,0.00166402935446
img_01745.jpg,0.827826440556,7.76818652246e-07,0.157323161362,0.000205884920345,0.0117161012827,0.00158089491808,0.000264317649968,0.00108242249191
img_01771.jpg,0.964381453995,5.60744723863e-06,0.0353251195389,0.000198069348825,9.55152949935e-06,7.96478950714e-05,5.12780900893e-07,3.74643039824e-08
img_01773.jpg,0.668028324326,2.28457528015e-06,0.000622662399974,4.17357322001e-05,3.07588517972e-06,2.28954404771e-08,0.0893517382871,0.241950155898
img_01781.jpg,0.901099932237,4.34949044994e-06,7.01530901187e-05,0.0189974804995,4.35997176165e-05,0.07375394911,5.44796117328e-07,0.00602999105967
img_01782.jpg,1.62924196903e-08,5.05463299849e-05,2.2631793801e-05,0.000539285561588,0.998821601684,1.13113784365e-07,9.34404070183e-08,0.000565711784496
img_01802.jpg,0.999997263192,1.3033026999e-10,7.39454890263e-07,2.13781749354e-07,1.10235729203e-06,5.69874357709e-07,1.0371361924e-07,7.49552302402e-09
img_01803.jpg,2.92801460363e-05,0.000722232191284,0.995944000233,0.00015253800641,0.000847422831998,0.000126337393296,5.55756752679e-06,0.00217263163064
img_01824.jpg,0.966791933506,7.88944657365e-06,1.66785432002e-06,0.000447472622107,6.39974529579e-06,0.0175510752868,0.0151935500656,1.14729519004e-08
img_01825.jpg,8.94016065971e-10,0.739765557854,6.3509527089e-06,6.59036618378e-05,0.259979580103,3.15329676944e-06,1.77871287963e-06,0.00017767452523
img_01831.jpg,0.995805344622,1.16862109993e-05,0.000117614515178,0.00271757213166,0.000127249009679,2.86260925877e-05,3.91707436384e-05,0.00115273667432
img_01834.jpg,0.147138360721,0.00340823761974,0.00312297382188,8.65750132231e-05,2.39104790048e-08,2.34133925711e-05,1.71894460115e-07,0.846220243626
img_01847.jpg,0.000190768098186,0.0043329713617,3.1068139762e-06,0.00113924901887,0.0136583735501,2.5455745706e-05,0.000806808348653,0.979843267063
img_01853.jpg,0.625531692705,0.000273326040911,0.00421501839664,0.00131521782357,0.000252016014465,0.0174230527687,0.103514649585,0.247475026666
img_01856.jpg,0.999878295278,1.19484266279e-06,8.06644736357e-06,3.00529573481e-06,0.000109228392771,3.84498137792e-08,1.49447750568e-07,2.18458285794e-08
img_01860.jpg,0.828450523032,6.25869598796e-07,0.00668146005477,1.14064654249e-05,0.000127223134126,0.000975023604315,0.163753152184,5.85655659586e-07
img_01862.jpg,0.781676988189,3.41923045675e-06,0.000313878812136,0.000104384225748,0.00370642615809,0.21403158669,2.64556236484e-07,0.000163052138375
img_01874.jpg,0.925402468912,2.47878346255e-06,2.03116453121e-05,5.84096314892e-05,0.00270067655865,0.0688235897058,0.00299051486698,1.54989599394e-06
img_01888.jpg,0.108643602995,0.00959638120018,0.00403515745484,0.187413709655,0.00657267252345,0.66887682487,0.00130466945218,0.0135569818493
img_01918.jpg,0.00313937960618,0.000689744457225,0.000705940423527,0.580386486441,4.15261599371e-07,0.000411164851491,0.414517980864,0.00014888809509
img_01930.jpg,0.00269199079088,0.900824037792,0.00133869353658,0.00789532654714,0.0823834794297,0.00483420583271,3.06823227514e-05,1.58374861341e-06
img_01932.jpg,0.215956076678,0.000109378625221,0.0260347291136,0.000242420193143,0.00245911316244,0.00624566927642,0.000173060323995,0.748779552627
img_01955.jpg,1.79881878088e-08,0.000732664530584,2.08639638563e-05,4.12778927324e-06,1.00899203868e-05,3.25448900196e-06,0.000247635891954,0.998981345427
img_01963.jpg,0.999722462151,2.21771077866e-08,0.00019138329897,1.91255786106e-05,5.66832217634e-05,4.37863591646e-07,2.99704716196e-07,9.5860042686e-06
img_01966.jpg,0.980108422566,0.00854340249192,0.000288009840206,0.000664977856134,3.64354010566e-12,7.56400629486e-07,5.64249959781e-05,0.0103380058452
img_01976.jpg,0.165708977191,0.000998255460143,0.001639969605,6.68704861914e-05,0.0869621871481,5.16869625846e-05,0.000206539539452,0.744365513607
img_01983.jpg,0.70002310754,0.000742036248986,0.0695336763645,0.000660746383659,0.093059348483,0.0200481825029,9.36987083694e-05,0.115839203769
img_01984.jpg,0.827822912074,7.74573015295e-06,0.000128042110152,4.55472357561e-05,1.22388987883e-06,1.27086465423e-05,0.00111277077388,0.17086904954
img_01995.jpg,0.000260704993299,0.000104268067724,1.14606444915e-05,0.00149233364888,0.00015892225375,0.902835632284,0.000595637598267,0.0945410405099
img_01996.jpg,3.51777061431e-05,0.00184729328765,7.22172083802e-06,0.00745281512998,2.43725253664e-05,0.981750919473,0.00400485121797,0.00487734893927
img_02001.jpg,0.748863246566,0.247193626341,1.28610936837e-05,0.000127206979778,3.53730837318e-05,0.00360949503607,1.49684943554e-06,0.000156694050058
img_02006.jpg,0.147594052379,3.72279209077e-08,0.0142055338764,0.0521500578897,7.13828924036e-06,0.0131635529208,1.64297737935e-08,0.772879610988
img_02066.jpg,0.977484019004,7.77681041672e-06,0.000176624272221,0.00677859407944,0.0037473652106,0.00296649096385,0.00839011584112,0.000449013818858
img_02074.jpg,0.849514305118,0.0366908314029,0.00821263696651,0.0964112380209,0.000959665874833,0.00299222230826,1.84584752668e-05,0.00520064183338
img_02076.jpg,0.151668203455,0.0404468559928,4.68905599307e-07,6.4234410374e-05,0.807415502426,3.06650682877e-05,0.000372907482655,1.16225953094e-06
img_02077.jpg,0.0193546775291,4.19588893954e-06,0.000578713261841,0.2950448735,0.485445897609,0.0441753735522,0.000507790342143,0.154888478317
img_02078.jpg,1.92939609473e-08,1.15330989716e-05,3.82785557105e-06,2.08942227834e-07,0.999001153147,1.88733771648e-07,3.23119775183e-07,0.000982745808743
img_02082.jpg,5.15608684369e-06,2.03773266023e-05,0.000133135835206,0.000377247349698,0.989428545724,3.81227270351e-05,0.00997960901308,1.78059377321e-05
img_02083.jpg,0.195895879916,3.48690555823e-07,1.93799698089e-07,4.58320647395e-06,0.796567927382,1.08112794622e-06,7.55749316451e-07,0.00752923012763
img_02096.jpg,0.990227484827,0.00877040700003,0.000555600351835,7.3037165172e-06,1.85562608551e-07,2.60512917423e-08,0.000438753938203,2.38552765189e-07
img_02119.jpg,0.744681087288,8.48115131507e-07,0.000301240170462,0.00216844358013,0.000297885672151,0.252486828567,1.76706288994e-05,4.59959783387e-05
img_02124.jpg,1.9919981833e-06,0.000105284518957,0.000547661160233,0.0152495411681,0.00797687863541,0.0208605274273,0.00469827037106,0.950559844721
