image,ALB,BET,DOL,LAG,NoF,OTHER,SHARK,YFT
img_00005.jpg,4.63915370234e-07,3.34069097678e-07,5.56967882981e-05,5.0655258485e-06,0.999895855709,3.34834732776e-05,6.47818217229e-06,2.62233717026e-06
img_00007.jpg,0.992502240354,0.00345262409348,0.000592707317956,1.80963802427e-05,7.93494682147e-09,0.00147341016452,0.00195614643134,4.76732322711e-06
img_00009.jpg,0.98669121358,0.000154834865882,1.73394287701e-05,9.9238163223e-08,4.04274505819e-10,0.013076835091,5.96763577438e-05,1.03373624824e-09
img_00018.jpg,0.99718736804,0.000239507111785,0.000506691126504,0.000955476218441,1.02577911235e-14,1.97507522003e-05,0.00109119264587,1.41052014525e-08
img_00027.jpg,0.000775646528904,1.22788001382e-07,1.54668611641e-07,6.05079662601e-05,2.87550812775e-05,4.39391124712e-06,0.00151705550443,0.997613363551
img_00030.jpg,0.0383419037686,0.00588517243807,1.63754305139e-05,0.000713031231505,0.0131071354898,0.00243527094572,0.939200389944,0.000300720752315
img_00040.jpg,0.0218293130519,0.00185066651824,0.000174310079349,0.00162577242528,0.204064877601,9.3931141624e-06,0.134991226291,0.63545444092
img_00046.jpg,0.99990824546,9.37266468914e-07,8.94074101353e-06,1.33068011782e-05,6.44040328001e-05,6.17854958197e-09,4.15934152666e-06,1.78789371298e-10
img_00053.jpg,0.961999446338,0.0180724765407,0.000449956002902,0.0194276739978,1.48001240362e-05,6.79561693824e-06,2.52528319033e-05,3.5985471709e-06
img_00071.jpg,0.490454426098,0.0512091011031,8.28183025504e-06,0.458304203364,1.33889317104e-08,1.81899444863e-05,5.72425272349e-06,6.00188497186e-08
img_00075.jpg,0.998961202494,7.68027467637e-06,0.000829935831474,5.78610368516e-05,5.24739207326e-06,6.28549134726e-05,6.58908973606e-06,6.86289679837e-05
img_00102.jpg,0.0322393157001,0.000114419922483,3.39839493976e-06,0.0025312560287,0.000189508533177,0.00466558639588,0.00161003867073,0.958646476354
img_00103.jpg,0.997348283261,4.46974614716e-09,0.00211852646152,0.000429974747871,7.62297715713e-07,4.42157287688e-05,3.22277839537e-08,5.82008053958e-05
img_00109.jpg,0.994317015517,1.67982871091e-07,0.00512199588889,5.08493435697e-07,2.88205334522e-05,1.01639113959e-09,0.000269105040533,0.000262385527049
img_00119.jpg,8.39390340232e-06,7.37784220637e-06,6.5748465702e-05,2.67914640624e-05,0.997466219565,1.95128283952e-06,1.10467674608e-08,0.0024235064302
img_00120.jpg,0.000283827578094,3.89241122878e-05,0.00031939514885,0.000541608603264,7.60154103773e-06,3.90614988165e-08,0.000743511161353,0.998065092794
img_00125.jpg,0.150414640271,4.54255645695e-05,0.00973481025822,2.8324315932e-05,1.12998400042e-05,6.45514126877e-06,0.000108542518046,0.839650502091
img_00128.jpg,0.000468919648782,0.0493474735693,0.640877770509,6.62743288483e-06,2.51876772593e-07,0.00493128507622,2.22582099818e-06,0.304365446066
img_00129.jpg,0.0672567507458,0.027147532822,0.00213639582706,0.0644065961758,0.143704351247,0.000283400794025,0.311240183132,0.383824789256
img_00133.jpg,0.530396474633,6.84793282081e-09,1.08337798544e-07,0.00270187289219,0.466784801161,9.03643188803e-05,1.29245891262e-06,2.50793497663e-05
img_00138.jpg,0.927781240201,0.0706976452149,0.000285824387932,0.000726351845138,0.000500236444935,7.09071002813e-06,1.58715307939e-06,2.40426805173e-08
img_00141.jpg,5.75768769587e-07,9.09924381564e-06,0.000275955933573,4.427519243e-06,2.72315084536e-06,1.61090289136e-05,0.000141817384206,0.999549291971
img_00152.jpg,0.929781697638,0.000112035887965,0.00774545295297,9.62892244488e-05,0.00022456956473,0.0524281258663,1.2218078717e-05,0.00959961078639
img_00161.jpg,3.63387717669e-06,5.01905108549e-05,0.000336399042106,0.000363155281128,4.21765080913e-08,0.000749488731234,0.000151697873615,0.998345392507
img_00164.jpg,7.03874764024e-10,3.53311032431e-05,8.99967269401e-07,4.69540567733e-07,0.986168624863,2.23209298195e-06,3.7715039424e-05,0.01375472669
img_00170.jpg,0.771135039405,2.05756760884e-06,2.93956141329e-05,0.000488959885381,0.00128494004032,6.52122024663e-06,3.5069976208e-06,0.22704957927
img_00171.jpg,0.548877944884,9.85861466605e-06,1.23429617693e-05,0.00420163031171,0.00013246833367,0.446628688874,5.37121882638e-08,0.000137012308231
img_00172.jpg,0.127823779175,6.01088582276e-09,0.000227892960877,1.03024107866e-06,0.871940995251,1.1643062756e-06,4.38076990168e-06,7.51285065906e-07
img_00175.jpg,0.000361697281695,2.35423300572e-05,0.0016058818094,0.00776170614984,7.04642692947e-05,0.91638686531,8.24610208437e-05,0.0737073818284
img_00180.jpg,0.0925420970878,1.28705635417e-05,0.000391966518244,8.62801327597e-06,2.53653790209e-05,2.45547971175e-07,9.71066578711e-06,0.907009116224
img_00196.jpg,0.468672204148,0.00184842437232,2.45539636577e-05,8.06801129626e-05,0.529286228314,3.73189232536e-06,7.13299198221e-08,8.41058670771e-05
img_00212.jpg,0.000312428436581,4.93755921236e-06,5.97444583527e-07,6.64007981212e-06,1.05918578748e-05,3.16194191354e-08,3.37357898027e-06,0.999661399424
img_00223.jpg,0.519368981721,3.16643050635e-08,0.000189539147768,0.00096941432932,6.43663780923e-09,0.479450199072,5.183027996e-06,1.66446012942e-05
img_00230.jpg,0.902374752974,0.000203449020934,5.46775520182e-05,3.15076274621e-05,6.11036887872e-13,5.03284560294e-06,0.000199833125475,0.0971307468535
img_00232.jpg,1.04318419291e-06,0.00455876747028,1.30203754956e-07,7.12631237129e-07,1.11019213352e-09,0.00146294965396,0.993975385271,1.01047584275e-06
img_00244.jpg,0.883985246649,2.50399776539e-06,2.33884443277e-05,8.83760463082e-05,2.04362921505e-06,0.100663801154,0.00121744589869,0.0140171941814
img_00272.jpg,0.976205832465,0.0221855339203,0.000199958195826,0.00113346743552,1.8914250741e-06,5.4906759268e-05,3.34107262812e-09,0.000218406458237
img_00280.jpg,0.828031474223,1.14757883373e-06,0.00060194477154,3.04047234234e-06,0.171193626268,3.94910920782e-05,1.17547455508e-05,0.000117520848677
img_00282.jpg,0.599121598706,6.54434772546e-07,5.47600811364e-05,0.032213577158,7.40816461227e-06,0.368600924479,6.93047997773e-07,3.83928681008e-07
img_00285.jpg,0.00179096293771,0.00274190392326,1.15082829071e-05,2.833095646e-05,0.0819822569172,8.84833063143e-05,0.000779029004205,0.912577524672
img_00289.jpg,0.879986766619,2.30849713918e-06,4.33080600381e-06,0.0102778733206,0.00635161078128,0.103211343921,9.07829590575e-05,7.49830963516e-05
img_00292.jpg,0.00725151873981,3.37556694349e-05,5.70685970753e-09,0.000477823137746,0.01150315539,0.0130102888923,0.000400903084079,0.96732254938
img_00302.jpg,0.00328534517221,0.000177556533783,2.88347957082e-05,0.00668005651866,0.125505023949,3.6397318544e-05,0.770332661791,0.0939541239217
img_00311.jpg,0.81566407866,0.18432549059,7.17051312967e-08,4.72356856613e-06,1.49528974992e-12,1.70991525011e-09,3.7069522052e-06,1.92681293063e-06
img_00320.jpg,0.998560880302,0.000954997042722,1.22733371915e-05,0.000131842737643,1.32285446679e-06,2.28293615379e-06,0.000334075393799,2.32539587269e-06
img_00331.jpg,0.931274828305,2.14994311591e-07,2.37150834032e-05,3.06454974761e-05,0.0680750253188,1.9075670939e-06,0.000589512866675,4.15036752817e-06
img_00358.jpg,9.74571470109e-06,7.24483420572e-05,3.27454635897e-06,0.00488301612302,0.12204424837,0.00751020077489,0.00313467892874,0.8623423872
img_00374.jpg,0.830900931431,9.02463905839e-06,0.000381507055788,5.88994288318e-06,2.27665048657e-07,0.000135284088791,4.78993595568e-05,0.168519235818
img_00375.jpg,0.843945453247,0.00161077240502,0.0307681343891,0.00427299251945,9.35843371786e-06,0.0367826623052,0.00608071939399,0.0765299073064
img_00376.jpg,0.560885755572,1.69040540403e-07,4.67179024155e-05,7.96891223074e-06,0.000552489735224,4.8481215953e-06,0.00036430767863,0.438137743038
img_00380.jpg,0.000250819952745,0.0198332864812,0.0405915222442,0.0112192432735,0.92711248984,0.000929029168727,6.35389194186e-05,7.01201222486e-08
img_00383.jpg,0.995732672835,2.92378261473e-06,4.74853288905e-07,0.00361591105055,7.4477904973e-10,2.14510734266e-07,0.000295085164803,0.0003527170583
img_00398.jpg,0.00700418732127,0.830727532379,2.69479726058e-07,5.53560990413e-05,0.0799504750525,4.02843090953e-06,0.0758495811503,0.00640857008728
img_00407.jpg,0.866559347853,0.00242583684729,0.00515580934182,0.116583128218,8.81706548344e-06,0.000313915424033,4.48581623866e-05,0.00890828708765
img_00417.jpg,2.1424007429e-09,0.000415255384272,2.2069554872e-09,6.34931701126e-08,0.00681578330849,3.60973541498e-11,2.5967775242e-10,0.992768893169
img_00432.jpg,0.00123188845295,0.00153951179835,0.000877074080486,4.60990579908e-05,0.000291713021712,0.985345520819,0.00167515988415,0.00899303288564
img_00442.jpg,3.16346873803e-06,0.00330920255018,0.000511850310578,0.00025391877152,5.83597861348e-09,6.21489320384e-06,6.72920497325e-05,0.99584835212
img_00446.jpg,0.993943190261,7.93891771107e-09,1.30248801616e-07,2.10379166954e-05,0.000188899948238,0.000460805685596,2.82777794793e-06,0.00538310022302
img_00469.jpg,0.00052956807648,0.00119197272947,0.121337652637,0.0508232029147,0.293499727024,0.0625826072528,0.000718646903528,0.469316622462
img_00473.jpg,0.999964862857,7.76434076886e-08,5.30332372912e-06,6.03912297686e-07,2.24461485056e-05,1.8523590086e-10,6.69444173962e-06,1.14878167964e-08
img_00483.jpg,0.504515784075,2.25585432152e-08,0.000216652807254,4.7997502928e-05,0.26975021734,4.324134845e-05,1.4662880811e-05,0.225411421487
img_00484.jpg,2.0754010794e-06,6.40166520196e-05,0.000299439985028,0.000309184818498,2.152597673e-07,6.51595716243e-10,0.000595639548346,0.998729427684
img_00486.jpg,0.985200698722,0.000219406581987,0.00662116430223,0.00416678795145,0.00358591507745,0.000203779662611,2.24770194891e-06,2.27161519475e-13
img_00487.jpg,0.499746167487,4.22414593149e-08,1.50970338966e-05,0.000424207205712,0.499786831826,1.01105500899e-11,2.76541959099e-05,1.11365895854e-15
img_00493.jpg,7.54482830598e-06,0.000346718357037,0.000620335704699,1.30337809084e-05,0.939144891928,0.00448791058227,4.91353905603e-06,0.05537465128
img_00518.jpg,0.995126825483,0.000387862274968,0.00395165268625,1.15425221553e-05,0.000178464810402,5.34152363118e-07,0.000343115787568,2.2828927986e-09
img_00533.jpg,0.679127764261,0.000639562999909,4.11990569446e-06,0.00139687535644,0.0568592674563,1.39310175716e-06,7.58357010598e-05,0.261895181218
img_00538.jpg,0.994076461334,1.47423146442e-07,2.22956182499e-06,7.29984186223e-05,4.56314209451e-05,3.04518213259e-05,0.00577207247189,7.54830731927e-09
img_00543.jpg,0.984928462079,0.0150568577508,1.06898139986e-08,8.51218767865e-06,4.10007010476e-12,4.42871617347e-08,5.78722930943e-06,3.25772595292e-07
img_00550.jpg,0.97877839634,2.2004623912e-05,0.000844131598983,1.42485406743e-05,5.19469814578e-07,0.0192753051582,0.000994744070115,7.06501978176e-05
img_00551.jpg,0.45907973715,3.02274861749e-06,0.000113171396879,1.7610011429e-05,7.68357463217e-06,0.146711387693,5.88858039603e-06,0.394061498845
img_00564.jpg,5.299340353e-06,3.09863817747e-05,0.00172269348605,0.000123284604998,0.996061882662,0.00122354804214,0.000715487174083,0.00011681830842
img_00575.jpg,0.00368557041487,2.71508820954e-07,5.00401153351e-06,0.00144261786097,0.00656587832591,0.824989354414,0.0548469463419,0.108464357122
img_00582.jpg,0.057740631651,0.000311831287428,0.000271277838663,0.000534974501446,0.881481761764,0.0592702576831,0.00018642080512,0.000202844468747
img_00584.jpg,0.997579304101,0.00108412223764,3.4347824482e-06,8.87270539464e-06,3.21867745702e-05,2.85209690645e-05,0.00126355824809,1.81628935672e-10
img_00587.jpg,3.54689202365e-05,5.28023875044e-08,2.15683548649e-06,1.44717107293e-05,0.000271668688069,1.1504952804e-07,0.0117810163121,0.987895049681
img_00590.jpg,0.000499414270197,0.00108560876619,0.000114805657718,0.000443293124385,0.00230451727104,0.00153918545921,0.000235520220951,0.99377765523
img_00591.jpg,0.658378832591,3.5007083806e-06,9.02236982445e-07,1.41283717945e-05,7.59259754924e-09,0.00230808423639,6.04377355867e-05,0.339234106527
img_00598.jpg,0.998619370669,1.66094963334e-06,2.94552532339e-07,0.000659160378878,5.95979624455e-09,0.000698146600647,9.12783348804e-06,1.22330559672e-05
img_00599.jpg,0.0400775148007,2.97485759714e-05,4.37781651656e-06,1.94660864171e-05,0.0167734920995,0.000765582126958,0.00141179318344,0.94091802531
img_00612.jpg,0.745425586128,9.93809273687e-05,3.85710233627e-07,0.000315312379808,4.27151765556e-08,0.00472156894016,0.249437438463,2.84736248954e-07
img_00618.jpg,0.977087103569,3.84532776801e-10,1.10363250126e-05,0.0001099087993,8.99911942984e-05,0.000242766559452,0.000284293560972,0.0221748996078
img_00620.jpg,0.990381718141,0.000160621002342,0.000234130892042,4.83180663187e-05,0.000152185011996,0.00900797825545,1.50486275392e-05,3.33150616902e-12
img_00642.jpg,7.64681800944e-05,0.00601248053612,0.0167898273553,0.977013957193,1.39858614621e-06,1.28987372199e-05,9.29183213738e-05,5.10906673428e-08
img_00646.jpg,1.07387371988e-07,0.000515315881083,2.45460588951e-05,0.00011862269141,0.000163355005463,0.000201757839008,0.000359871053452,0.998616424083
img_00648.jpg,0.997007019714,0.0027292593341,4.06417211946e-08,5.82311521295e-06,1.89487885507e-10,3.05478601928e-10,4.73551479481e-05,0.000210501552417
img_00650.jpg,0.000365825200209,9.7634405776e-06,0.000118271370237,4.98850295674e-05,0.113304927128,0.00769089291672,0.000128804984009,0.878331629931
img_00654.jpg,0.995057317866,6.46626502333e-05,4.95966131308e-05,0.000621276722391,7.12618551893e-05,0.00411745698683,1.59159270355e-06,1.68357132363e-05
img_00664.jpg,0.996018775643,8.3071950241e-07,4.7038357238e-06,3.98240722856e-05,4.06185673347e-06,1.09743532706e-06,0.000957320498976,0.00297338593806
img_00667.jpg,9.08560097033e-06,0.00996653412673,2.78383274849e-05,9.17051489531e-05,0.989803683641,3.23632591626e-05,2.89832888492e-07,6.85000624276e-05
img_00676.jpg,3.30418519403e-06,1.81903575673e-05,2.35592089003e-05,6.41142848799e-05,0.999870097213,2.21866331608e-06,2.89551900181e-09,1.8513191953e-05
img_00697.jpg,2.57147781928e-06,0.000126028175511,0.0130129686194,3.13303559676e-05,1.47032095198e-05,1.26881012059e-06,2.87707234432e-05,0.986782358628
img_00708.jpg,0.86570813487,1.09419675271e-05,6.53050219112e-07,0.000444996109742,0.00587447521277,0.127034267852,0.000926285579107,2.45357775228e-07
img_00716.jpg,4.25171497813e-05,0.67854952203,6.68680865212e-06,0.000358905685788,0.00193093958435,0.260392489968,0.000743256085612,0.0579756826872
img_00717.jpg,6.33076903108e-06,0.989655064812,7.07920260531e-05,0.000308658966732,8.58827854616e-05,0.00984377210504,1.87479824956e-05,1.07505529565e-05
img_00718.jpg,0.0504900204108,0.00152566263177,5.31977824598e-05,0.000140762774845,8.60083403062e-06,0.0116152617891,0.00143232080167,0.934734172975
img_00723.jpg,0.327775255833,0.203075524903,1.1253073678e-07,0.0259444843054,0.321730862791,0.0104358271702,0.111036286376,1.64609132411e-06
img_00724.jpg,0.0490764772645,1.49339856459e-07,5.56599141253e-06,3.417938288e-06,0.000215103255153,2.17483381218e-07,0.527018890764,0.423680177964
img_00726.jpg,0.998639100237,3.97058490791e-06,1.03154292515e-05,7.92081187985e-06,1.424873987e-07,7.21031573468e-10,0.00133457543517,3.97429338078e-06
img_00729.jpg,0.978260641778,3.80687732076e-06,0.0163510429638,9.1328607959e-05,0.00526963065039,1.40397386374e-05,8.50358527578e-06,1.00579872946e-06
img_00730.jpg,0.413600619636,5.77977892562e-07,4.45101077967e-06,1.61158606161e-05,2.96488946186e-06,8.9987880602e-12,0.00330149339986,0.583073777217
img_00757.jpg,0.733188690639,3.97648427183e-07,2.28369779278e-05,0.00922480590411,8.87149502466e-07,6.81051434097e-06,4.02627566166e-06,0.257551544891
img_00760.jpg,0.960205537488,3.18459275515e-06,1.95849592365e-06,0.039776676266,5.67643583875e-09,3.78680061208e-06,8.49924847302e-06,3.51431608534e-07
img_00763.jpg,0.00161170481682,0.000131143823709,4.50828801596e-06,7.56348444256e-06,0.31190882928,1.14586226635e-07,2.42675940776e-05,0.686311868127
img_00764.jpg,2.13902786971e-16,0.0366951976318,0.000104031752243,0.000104868288134,0.707676280515,1.0142992107e-05,2.27394229302e-05,0.255386739398
img_00765.jpg,0.000249474861632,0.000233792672987,1.27895377131e-05,0.0127335954287,0.311730788943,0.442041997629,1.07964267369e-05,0.232986764501
img_00772.jpg,0.0335410619681,0.000520009664045,0.956941959444,0.000132678485633,0.000942339118527,2.25080133337e-05,0.000161424455521,0.00773801885043
img_00773.jpg,0.00061429899011,0.00255505820624,0.933666691223,0.000933367268815,0.0357073076036,0.0265231640913,1.04038395215e-07,8.57870594012e-09
img_00777.jpg,0.726724095717,9.82344791874e-06,2.62133262954e-06,0.000523867584584,2.36503805839e-06,0.272272602079,0.00046462479979,1.44982162717e-12
img_00780.jpg,0.000244905122612,0.01201809811,0.00437791761231,0.00280385514806,0.00929743867386,0.384026412448,0.000889632608221,0.586341740277
img_00798.jpg,0.998200339258,7.49718795757e-05,7.23068285386e-07,0.000213042877144,5.37946312984e-06,0.00110173050487,2.84196140495e-05,0.000375393334614
img_00808.jpg,0.999521969559,1.16871256181e-05,1.33195411746e-06,0.00022636914096,3.73476940843e-05,1.64106013837e-05,2.05136849259e-08,0.000184863411592
img_00816.jpg,0.998364975307,1.29457623198e-06,4.32295086006e-05,6.81406401692e-05,0.000312036340451,1.28192436081e-07,5.62410473858e-05,0.00115395438812
img_00828.jpg,3.51006025626e-06,0.0179321364724,1.00529741746e-05,0.000116626836066,0.981849500846,6.24820965831e-06,3.03206999321e-07,8.16213940887e-05
img_00833.jpg,0.983246015855,2.22386832171e-05,0.00012326032163,0.000111309483003,0.000312082201103,0.0109949011428,0.005190074788,1.17525034945e-07
img_00837.jpg,0.999487184596,5.14031168845e-05,1.0310159357e-07,3.72352502019e-05,3.39780017316e-06,0.000410727421517,6.07964171825e-06,3.86907216964e-06
img_00855.jpg,0.0023950340153,0.000533005243813,0.000188454730193,8.49471410311e-05,3.11473997203e-09,1.48883024674e-05,0.000361196700789,0.996422470752
img_00857.jpg,0.99963778415,0.000167694439181,7.21412076888e-05,5.18248736591e-05,7.13469227965e-08,8.53897114524e-07,6.86199201322e-05,1.01016572509e-06
img_00858.jpg,0.695972099434,7.5509740801e-07,0.000176466147478,8.6265100069e-05,0.134994677325,0.121475718821,0.0166466836287,0.0306473344465
img_00865.jpg,0.798576737912,0.00626442930765,0.016258856375,0.00822736697536,7.10882365296e-05,0.17057185214,2.92776093043e-05,3.91444822798e-07
img_00876.jpg,4.11306548866e-10,0.000538545793741,6.16702417808e-05,0.000196124777665,0.998865879989,0.000177687983933,4.60744274557e-08,0.000160044727696
img_00889.jpg,0.0183149327148,2.20070800477e-06,0.0581393689701,0.000909848454919,0.0354409991578,0.000391979348536,0.00389213149933,0.882908539146
img_00894.jpg,0.056030506198,9.28989719768e-05,0.0125032673898,0.0016402883321,0.0183812248935,0.75854648482,1.54294775294e-05,0.152789899917
img_00902.jpg,2.46984222346e-11,0.150324794262,1.27139660599e-07,2.83097967715e-06,1.51153531895e-08,0.0070201179051,0.842648833199,3.28137478366e-06
img_00914.jpg,2.10704568885e-07,2.90640872399e-07,1.82095592916e-05,6.1338405864e-05,1.78112045109e-07,8.13626906573e-06,3.18140719264e-05,0.999879822236
img_00921.jpg,0.989577384717,8.06115398211e-08,3.42808991897e-05,9.64568891934e-06,7.70628866226e-05,0.00802011403944,0.00140406870336,0.000877362453532
img_00927.jpg,0.984837991638,3.27586940771e-05,0.000252662081587,2.82421342204e-05,0.00743696671868,0.000281590116295,0.00521397012341,0.00191581849327
img_00943.jpg,0.614526839052,1.1178112307e-08,0.000140780994384,6.87785729992e-05,0.0244585540691,3.67989659444e-06,1.49294222288e-05,0.360786426815
img_00948.jpg,0.830232487974,5.07504638358e-07,4.66273948062e-06,1.68889003004e-05,0.169741456215,1.21357260287e-07,2.88056591601e-06,9.94743957448e-07
img_00950.jpg,3.90564713417e-05,1.50312373963e-08,0.00353907962303,6.25361597818e-06,0.995216813833,0.00119239471483,4.85069590697e-06,1.53601512315e-06
img_00959.jpg,0.996332254997,4.82030304916e-07,0.000205052225025,5.7127049912e-05,6.59023934539e-06,1.91693113593e-05,1.75132944625e-06,0.00337757281743
img_00962.jpg,7.39900448763e-12,0.410470567112,0.000481458633593,3.88993257387e-06,1.84279860801e-05,0.000330393775921,0.000162648883399,0.588532613669
img_00964.jpg,3.50037590407e-05,0.0030298354258,0.996538290645,6.12859140614e-06,2.71378571893e-08,0.000379014728833,1.09413275407e-05,7.58384686323e-07
img_00966.jpg,0.00759970897494,4.85419547973e-06,0.00360488194748,0.000708147568155,0.969282316953,4.46215493824e-06,2.04923424964e-05,0.0187751358635
img_00974.jpg,0.126934059867,0.87260576404,0.000267612094438,0.000139570461091,1.57636009648e-06,2.00319128545e-06,4.48987983799e-05,4.5151877252e-06
img_00979.jpg,0.0956889658597,0.00112010724915,0.0101018517196,8.58168546441e-06,2.02026126747e-07,2.03438739751e-07,1.428287949e-05,0.893065805142
img_00982.jpg,2.74439691879e-10,0.0344021115129,2.9085132277e-05,1.3993432e-05,0.962339722708,0.000875528999122,1.44402064462e-05,0.00232511773477
img_00985.jpg,3.91011075566e-06,1.57026827743e-05,7.11332240227e-09,8.26352123127e-05,0.00626729997341,1.1130349879e-05,0.000155981364107,0.993463333193
img_00999.jpg,0.492100895261,0.000285701811164,2.24728903696e-06,4.04226740664e-05,1.43668337863e-07,2.70038199654e-06,0.000212931276827,0.507354957637
img_01022.jpg,0.751082506171,7.16845408017e-06,1.16751715792e-07,0.00023446725032,0.241073769467,0.000998998666992,1.4652896953e-05,0.00658832034271
img_01031.jpg,0.997978989196,4.46424429865e-05,2.04685351489e-06,3.0627159048e-05,0.000149715001822,0.00153149217769,5.86888411929e-06,0.000256618284701
img_01035.jpg,0.971262213505,7.32762991552e-07,5.74568915369e-07,0.000508680765146,1.08211787443e-07,0.0282258852368,1.80494191908e-06,7.49473568049e-12
img_01043.jpg,0.000261279305593,0.980590613435,1.31199948125e-05,2.18311036101e-07,0.0175587416636,0.00150309259637,7.29343928355e-05,3.00515142405e-10
img_01058.jpg,0.710768074402,0.000278754782635,7.7895199168e-07,1.0285334422e-06,1.34044607303e-05,1.37792373882e-06,1.97806675611e-05,0.288916800278
img_01059.jpg,0.343674665703,0.0230119065498,9.95429856877e-05,0.00136128864028,0.0137450781705,0.00423647168201,0.322029552895,0.291841493374
img_01090.jpg,0.0725398800034,7.65505788391e-05,2.84780348978e-05,0.000161172627387,0.926789923868,1.26607856273e-06,0.000399600770101,3.12803900251e-06
img_01102.jpg,0.00246589197498,0.000310611496936,2.12084523756e-07,0.00400031821723,0.000246976640134,3.2270055853e-09,2.38073879466e-05,0.992952178971
img_01103.jpg,0.809957788168,0.177611503859,0.000124126982136,1.03903701788e-07,1.16957415081e-13,0.0122591099626,3.70799796344e-05,1.0287144558e-05
img_01116.jpg,0.993321048307,0.00642899012849,3.23991981369e-05,2.35799659109e-05,9.69889843731e-06,0.000157960034514,2.63125048014e-05,1.09626790825e-08
img_01134.jpg,0.932041264056,0.000564391826541,1.82975443129e-06,8.7908844057e-06,4.5683219942e-08,0.00640482350517,3.02135011691e-05,0.0609486407891
img_01142.jpg,0.99437705867,5.43812220295e-07,2.34774082821e-05,0.000215643500537,0.00296162084971,0.00157167390557,0.00057835701787,0.000271624835664
img_01168.jpg,0.0592950716007,3.83814353812e-05,7.79377399916e-07,0.000378109791196,2.34261678646e-05,0.931012546929,1.5937467395e-05,0.00923574723058
img_01171.jpg,0.617715552487,0.000315513898651,0.000174826240957,1.27133182841e-06,0.000539596249656,4.52550829329e-08,0.00220248797248,0.379050706565
img_01177.jpg,0.882687598432,5.54434983314e-05,3.7130122769e-05,0.000828283609991,0.000389075726658,0.0013948301329,1.88522426084e-06,0.114605753253
img_01179.jpg,0.869442407702,0.109154071498,7.04756296705e-05,0.00013478903385,0.0210151451025,0.000183041583912,6.90797252778e-08,3.70357864685e-10
img_01188.jpg,0.000484505884052,0.000252160389455,4.09500058715e-05,0.014277192813,0.0714294711294,0.780417168017,8.42312165177e-05,0.133014320544
img_01198.jpg,2.51757364376e-05,0.00240217713297,4.26549998924e-06,4.22149161547e-05,0.996026531342,1.35158273357e-06,1.83405329019e-06,0.00149644973654
img_01204.jpg,2.66602825803e-09,0.238760282477,0.000245785927299,0.0001173476144,0.748534373724,6.96848847618e-05,4.54186333889e-06,0.0122679808438
img_01208.jpg,0.0262472126077,8.28192241552e-07,0.00120249378182,5.43485524261e-06,0.972494276725,3.27055738018e-05,1.62077895774e-05,8.4047503996e-07
img_01211.jpg,4.89911790052e-05,0.000389187630465,2.72213471896e-07,0.000147623664947,0.963193322998,1.12968372766e-07,9.79329170897e-07,0.0362195100162
img_01213.jpg,0.997391866422,0.00231465379395,2.80675649943e-06,4.03638667829e-05,7.26651036037e-09,9.54811973025e-07,3.92177315982e-06,0.000245425309238
img_01222.jpg,0.996669976106,1.12530508108e-05,1.82756180091e-06,0.000742107924525,3.15244787535e-08,6.58202606553e-06,0.00181903304683,0.000749188759947
img_01224.jpg,0.00121916460182,0.00457868016934,0.00354113862672,0.0001022034861,4.4744181577e-05,2.98526735514e-05,2.25085557088e-07,0.990483991175
img_01237.jpg,0.17640212579,7.45177457472e-06,2.14785846366e-05,0.000142730529971,0.811070423681,4.10372597487e-06,0.0122708453647,8.08405491325e-05
img_01249.jpg,1.58491455166e-05,1.791563457e-05,0.00521086107485,0.106293206569,0.887939815537,0.000470230306264,7.93160290485e-06,4.41901296803e-05
img_01253.jpg,1.10793925286e-06,0.00252782201152,0.000643128560712,0.000132861923824,0.000570588734936,0.000144249563565,0.000432446624683,0.995547794642
img_01286.jpg,0.00150352225453,0.0823101841324,0.000108399318313,0.00026870796074,0.737727225461,0.0139535887704,2.31442216977e-05,0.164105227881
img_01289.jpg,0.0276057058836,0.00775449085312,0.000206964271609,0.00150334187865,0.334722973582,0.601197605232,0.0268276831948,0.000181235104842
img_01325.jpg,6.19429393368e-06,0.000161915884504,2.49662561076e-06,0.000113236088545,0.143190665517,1.29923943371e-05,7.76970549954e-05,0.856434802141
img_01328.jpg,0.992264782552,0.00344023405193,6.11344573871e-07,8.99447542732e-07,1.01867785484e-07,2.69731923033e-07,2.7180076743e-06,0.00429038299662
img_01366.jpg,0.0274563210788,6.99021723521e-06,0.000758000094716,0.00765042217381,2.65844723063e-05,0.943350981377,1.28742819721e-05,0.0207378263041
img_01371.jpg,0.912185205878,0.000250609539905,3.75673808313e-06,8.31230867358e-06,6.40143722241e-08,1.43314823963e-07,1.44388209272e-06,0.0875504643243
img_01373.jpg,0.459327244173,1.35792280804e-07,2.77911611834e-06,0.000580443234457,0.448987468008,0.000141116552604,8.17823823263e-08,0.0909607313413
img_01377.jpg,0.000609220363069,0.612204582768,6.82717292554e-05,0.0357716246652,0.347905367945,0.00341785819274,2.30743366385e-05,1.01630814386e-13
img_01379.jpg,0.98959464198,0.000158926343365,0.00129990301727,0.00832045979461,0.000552144922043,5.13160299151e-05,2.23844614344e-05,2.23451608148e-07
img_01384.jpg,0.87836318448,2.59000753475e-06,0.000356307808309,8.08669742046e-07,6.07422790536e-08,0.121140204099,0.000135926145429,9.18047564942e-07
img_01388.jpg,0.00317049672354,0.994605845015,2.27910816371e-05,1.0653695729e-06,3.2957243324e-06,0.00219512446583,3.27457675555e-07,1.05416270583e-06
img_01392.jpg,0.000794511957806,0.361425779631,0.625981385789,2.28855148193e-05,6.69092437517e-09,5.30248100684e-06,8.60889721755e-05,0.0116840389641
img_01399.jpg,3.89249724225e-12,0.110732710467,0.0174043073071,3.99881127832e-05,1.42884558347e-06,4.20660739616e-07,9.90103071976e-07,0.8718201545
img_01404.jpg,0.988087551193,4.58537047513e-06,3.38589857926e-05,0.00969436366113,0.000174835046231,8.32860822921e-06,0.00199638907412,8.80610175804e-08
img_01405.jpg,0.511192616233,1.28462796956e-07,0.00501897944719,2.41571827658e-06,0.483461340382,5.5438265606e-08,6.08955997598e-08,0.000324403422581
img_01413.jpg,0.999690200043,2.43195986378e-05,6.95644513222e-06,3.44376395197e-05,7.53411493997e-09,0.000242597719555,1.39282022005e-07,1.34173762463e-06
img_01426.jpg,0.000317360023708,0.883793357188,1.03645208297e-05,6.24889421237e-06,0.000179913367767,1.57689600395e-05,0.00790678175308,0.107770205292
img_01431.jpg,0.631369727679,4.18915759356e-08,1.65467380044e-07,0.368549374725,8.53518617972e-10,4.8134057703e-05,3.25852224777e-06,2.92968039597e-05
img_01441.jpg,0.00492119574209,1.25788451002e-07,0.00164648254372,5.78413656274e-05,4.47058578252e-06,1.41681303737e-09,0.000176105910187,0.993193776647
img_01444.jpg,0.977994002181,3.4659337154e-06,0.00265032944707,2.14241578833e-06,0.00641903519499,0.00932454418082,3.67871925899e-05,0.00356969345406
img_01490.jpg,0.00102778047066,0.00778003590926,0.764057430859,0.000412641370671,0.000128101578515,0.00244445698102,0.00608682973902,0.218062723091
img_01495.jpg,0.0310846495672,0.00249571804173,0.000653844600558,6.62490250453e-06,0.0172491394868,1.62280911091e-07,1.54984169617e-06,0.948508311279
img_01505.jpg,1.81482089949e-10,0.000497065454338,0.000106550602804,6.17827261251e-05,0.99918541713,0.000142635156126,3.38416388359e-06,3.16458556311e-06
img_01511.jpg,0.993557271024,8.78222656369e-05,0.000653591134556,0.0054965828086,4.9401434825e-05,0.000152314988942,2.96971463179e-06,4.66292352079e-08
img_01519.jpg,1.71382170925e-05,1.31240581267e-05,1.0156342188e-06,1.09474964673e-05,2.42811038817e-05,0.995089626368,6.90549760079e-05,0.00477481214609
img_01530.jpg,0.747016716857,3.9054423607e-06,7.59572766158e-05,3.95186113397e-06,0.252883288202,1.63632258036e-06,1.95152667376e-06,1.25925122729e-05
img_01537.jpg,0.995862019504,3.37162146354e-07,0.000186358904657,0.000143299261134,3.81151278799e-06,0.00380146568279,2.40192990825e-06,3.06042363212e-07
img_01538.jpg,0.841003116796,0.00100622305434,0.000292278800933,1.14109918607e-05,2.09143449279e-08,0.157662512557,1.86429039362e-05,5.79398114293e-06
img_01541.jpg,0.0189323883035,3.6024229086e-05,0.0021823669166,0.000160440407739,0.974156587717,0.00390144742584,0.000210179999127,0.000420565001127
img_01543.jpg,0.999668082129,9.7301240318e-05,3.08380813581e-05,3.3323409389e-05,2.00709929268e-05,3.2558311585e-05,9.0712532785e-05,2.71133026942e-05
img_01548.jpg,0.99947083377,2.33720638558e-06,7.99829970129e-05,4.81044109134e-05,3.38133416327e-05,1.2345343316e-05,0.000344115211811,8.46771849316e-06
img_01552.jpg,0.88246396737,0.0153063951307,0.00442137263581,0.000995331411432,0.0722306643979,3.18825262502e-06,0.00642968384123,0.0181493969599
img_01561.jpg,5.11159402304e-07,9.68685183449e-07,9.07547978297e-05,1.31470812155e-05,0.998179823383,3.7557031964e-06,6.17102911272e-06,0.00170486816115
img_01562.jpg,0.00694824893966,3.15523621101e-06,0.00456135896873,2.33286819755e-05,0.000144723119688,5.25707778825e-06,0.00133886135649,0.986975066619
img_01571.jpg,0.99978576473,8.88577690131e-07,0.000200118267551,8.19739994149e-07,4.56107944974e-07,1.3190770858e-06,2.79080220253e-06,7.8426979096e-06
img_01593.jpg,0.159353701181,0.00488568235083,6.87317448826e-06,0.00238034713186,6.55614553862e-06,0.0349569255193,0.0060899362706,0.792319978227
img_01595.jpg,1.34482003454e-07,0.00050462733302,1.99039030618e-05,2.32242018092e-05,0.998875773397,1.41687047329e-10,2.69539568871e-07,0.000576067001735
img_01616.jpg,0.992397106725,2.20364226991e-05,3.66649315804e-06,2.79742097145e-05,2.45061106771e-06,6.41226573254e-05,3.83204650969e-05,0.0074443224155
img_01618.jpg,0.817131557877,5.50774048531e-05,9.21891206084e-07,9.46007896249e-07,2.4979443103e-09,0.182316804678,0.000488928128109,5.76151487129e-06
img_01627.jpg,0.986109310272,0.00500946295593,0.0083663839549,0.000125739843362,3.18414008222e-12,0.000231794693544,0.000157307924447,3.5219091745e-10
img_01632.jpg,0.992910411746,6.16869145801e-07,2.22958668209e-06,0.00073566139668,0.00190021447293,1.14758054499e-06,0.000134876208499,0.00431484213961
img_01633.jpg,0.978282217794,2.08006144901e-05,3.10096974475e-06,3.3108515889e-05,7.28528325374e-07,0.0197294650519,0.00193051188001,6.66458008654e-08
img_01640.jpg,0.935323578791,0.064614466826,9.26235028228e-08,4.82814911327e-05,5.32874137111e-09,1.06786057942e-08,3.29250464702e-06,1.02717563107e-05
img_01646.jpg,0.87720847186,2.72683646171e-06,0.000740238807068,0.000202998700619,0.119240450909,5.30529658812e-07,0.00260450436921,7.7988119557e-08
img_01647.jpg,0.993099941181,4.39597600594e-09,4.48821424099e-05,1.78376373774e-06,0.00645433297596,3.25023619377e-07,0.000393673872204,5.05664528451e-06
img_01649.jpg,0.0133596290087,0.00315295737027,5.22921205827e-05,0.0206582104436,0.761918250527,1.42158958548e-07,0.000573298383179,0.200285219988
img_01657.jpg,0.000127273938573,4.06248831566e-05,0.927705456745,5.90404653157e-05,6.47494890529e-09,1.30343444282e-06,0.0168861357744,0.0551801582844
img_01669.jpg,0.922744922025,1.53648674747e-07,3.19845171603e-07,0.0772323296981,1.54882396763e-10,6.61317828231e-06,1.49215442985e-05,7.39905316873e-07
img_01673.jpg,0.998430384104,4.95584907988e-10,5.34016250197e-06,9.57715893022e-08,0.00156219088821,4.24226670498e-12,2.7576895077e-07,1.7128045422e-06
img_01681.jpg,4.35050664078e-06,0.000157659579019,0.000210632142423,9.48912395737e-06,0.00038770461721,2.52911167158e-06,3.29975482123e-06,0.999224335164
img_01684.jpg,0.995741742299,0.000576261244769,0.00254675562139,0.000938411891161,5.54487747705e-11,1.0402520243e-07,6.42608837774e-05,0.000132463979069
img_01685.jpg,0.439317664362,0.000422727196573,0.000188166373254,0.000108049681868,0.509340164879,0.0459306404118,0.00214393033416,0.00254865676087
img_01687.jpg,0.0450118975869,0.312452402829,0.000188434851779,0.000103300264795,1.48466517518e-05,0.002484561882,9.82463676782e-05,0.639646309566
img_01688.jpg,0.00284050066227,0.0301207519576,7.64474596163e-05,0.00483134705294,0.075901385816,0.875073326431,0.00771153951866,0.00344470110231
img_01689.jpg,1.34897619494e-05,7.65539782281e-06,0.00306734374251,4.23881838713e-06,7.23122722691e-06,0.000910626733728,4.22478066351e-06,0.995985189538
img_01716.jpg,0.00487234726556,0.00376490953844,9.15218025399e-05,3.59867834385e-05,0.991213220506,2.03116145614e-05,1.27019437359e-07,1.57547018058e-06
img_01717.jpg,0.173435557557,0.000211571706145,1.52747847549e-09,0.000396555200632,0.820220529951,0.000365400598477,0.00536935460385,1.02885523276e-06
img_01724.jpg,0.979971383714,8.51165973847e-07,0.0012532869146,8.10920718757e-05,9.25172306773e-05,0.0184988889101,4.50862452665e-07,0.000101529130231
img_01745.jpg,0.000644037341426,8.03968886384e-06,0.944336233841,0.000524305807931,0.0489071213093,0.00414712026081,0.00131880581758,0.000114335933077
img_01771.jpg,0.987521234342,7.02875601996e-05,0.0122714718688,8.00835943983e-05,1.48800271619e-07,5.65937597161e-05,1.79237500099e-07,8.36761678584e-10
img_01773.jpg,0.937892543837,1.17330792846e-05,0.000388269317139,3.66218750622e-05,8.3097374148e-08,2.16179942261e-08,0.0461768464176,0.0154938807583
img_01781.jpg,0.861030041785,1.21300007362e-05,4.03104785235e-05,0.0361060613082,0.00011916852059,0.0962065717712,8.33841082331e-07,0.00648488229427
img_01782.jpg,1.2880911282e-09,4.86435625515e-05,3.5291610409e-06,0.000480983255091,0.999283718579,7.97870287416e-07,3.3453886254e-08,0.000182292830129
img_01802.jpg,0.999994800476,7.63783467716e-12,1.00739289405e-06,4.53340786246e-08,4.03419655678e-06,7.15121367989e-10,5.08739810757e-08,6.10036175403e-08
img_01803.jpg,8.57783441335e-07,0.000362990451091,0.997362739772,7.17894866459e-05,2.89865093343e-05,0.000214223354583,4.36406987087e-06,0.00195404857279
img_01824.jpg,0.97706173514,1.77701883088e-05,6.55609722728e-07,0.000637560800487,2.74351837827e-06,0.0131460839737,0.00913344049242,1.02770518213e-08
img_01825.jpg,3.6239940867e-11,0.55650054812,4.07421379095e-07,3.23382184952e-05,0.417614194534,1.0928969469e-05,2.23380752435e-06,0.0258393488933
img_01831.jpg,0.997344062752,6.11590378579e-06,0.000155850341854,0.00176657474036,1.81632134862e-05,6.93846419776e-06,8.27657217529e-05,0.000619528862679
img_01834.jpg,0.832633770817,0.0290494831188,0.0052678154266,0.000183011793462,3.34954884827e-08,2.43147880361e-05,1.3181086018e-07,0.13284143875
img_01847.jpg,0.000672803422049,0.00075324899088,4.69624385234e-07,0.00157643264819,0.00579458657151,0.00023002794047,0.000549803687077,0.990422627115
img_01853.jpg,0.948131965537,0.00014654422184,0.000265968269433,5.07900413899e-05,0.000155348255763,2.47101067596e-05,0.00348171082917,0.0477429627384
img_01856.jpg,0.999479354766,1.45506685199e-07,4.85402359509e-06,2.15588925132e-06,0.000513236356845,2.87269612088e-11,2.47965634023e-07,5.4634643612e-09
img_01860.jpg,0.926454850242,5.0732427985e-08,0.00641298837082,3.86902159621e-06,2.62841468339e-05,0.000106010931951,0.0669303509206,6.55956339515e-05
img_01862.jpg,0.803567561179,6.40695767867e-07,0.000406220849492,3.29849307204e-05,5.17532023498e-06,0.1959678894,2.30459948446e-07,1.92971644697e-05
img_01874.jpg,0.149721294223,2.29655525247e-08,1.50664706405e-05,2.31223068426e-05,0.788207799899,0.0615103586754,0.00052049568364,1.83977552032e-06
img_01888.jpg,0.000817199980635,0.00869849213904,0.000307181323771,0.0337029323841,0.00950598028392,0.926957012106,9.36926060766e-05,0.0199175091769
img_01918.jpg,0.00458024889807,0.0183208136038,0.000195587526937,0.626201161143,3.50440130061e-07,0.0147631456788,0.335493985907,0.000444706801928
img_01930.jpg,0.66846707987,0.313006623179,0.00052838833596,0.00734655889263,0.00514902552461,0.00548900595645,1.33095073488e-05,8.73360227292e-09
img_01932.jpg,0.908288899986,7.88291377367e-05,0.00942892505661,0.00014813001274,0.0498647441407,0.00217225573147,0.000108444859583,0.0299097710752
img_01955.jpg,4.51166930603e-09,0.000490921780671,9.31608333491e-06,8.63214757005e-07,2.71152298565e-06,2.14899240464e-07,4.76833143868e-05,0.999448284673
img_01963.jpg,0.999792620991,2.59549622361e-08,6.06970791387e-05,9.58497164894e-06,0.000120260572484,1.31795212476e-08,7.13378407764e-08,1.67259135349e-05
img_01966.jpg,0.992980039812,0.00602943378845,2.76202836612e-05,0.000379056818325,1.74579677722e-12,1.49425413087e-07,8.60506496268e-05,0.000497649220588
img_01976.jpg,0.613478964741,0.000140706969411,8.96386480454e-05,5.71156611144e-06,0.00159981181968,7.84345699446e-07,1.60423101017e-05,0.3846683396
img_01983.jpg,0.314962209646,9.35531681765e-05,0.00399562416773,0.000127046664473,0.609627593319,0.000493919403425,1.74173513197e-05,0.0706826362802
img_01984.jpg,0.843164811259,2.56932788563e-06,0.000318983739551,2.1447538185e-05,4.00979794534e-08,1.61760742786e-05,0.000425802363508,0.1560501696
img_01995.jpg,0.002499726123,4.80197082e-05,7.99340145642e-05,0.0123207569984,0.000123611839362,0.788890954738,0.000670899565433,0.195366097014
img_01996.jpg,5.7528840385e-05,0.000185072498677,9.9322546116e-07,0.00264118968083,1.46450151291e-05,0.992229601855,0.00241417943766,0.00245678944659
img_02001.jpg,0.547177273063,0.452233253875,3.03484149307e-06,6.04361841279e-05,0.000111354925398,0.000400396098689,7.49938780068e-07,1.35010744863e-05
img_02006.jpg,0.704693745145,4.09172135126e-09,0.00650608602939,0.0463147114661,6.55004203704e-09,0.00604201754215,1.05458686648e-08,0.23644341863
img_02066.jpg,0.996664181536,9.38544014221e-07,8.09489829983e-05,0.00174752953778,2.26330549239e-05,0.000177303766669,0.00130314974325,3.3148343044e-06
img_02074.jpg,0.97191160738,0.000589896785977,0.000585395325744,0.0265063109084,2.62371218147e-05,0.000243769993708,9.35633943191e-06,0.000127426144959
img_02076.jpg,0.0126041732455,0.958838152464,7.02846213609e-07,3.46563369797e-05,0.0279522015143,3.92071194844e-06,0.000564084976847,2.10790403236e-06
img_02077.jpg,0.954314982408,4.58026884817e-07,3.26246758299e-05,0.0397224754088,0.00349266407178,0.00231922163811,9.28930091874e-05,2.46807611316e-05
img_02078.jpg,6.80699608643e-09,4.77566113003e-06,1.0923252357e-06,1.30154081445e-07,0.997954763072,1.86576727848e-08,2.25902318618e-08,0.0020391907329
img_02082.jpg,2.15997691637e-06,1.58428345367e-05,0.000111908815602,0.000164077653959,0.995662190044,2.62950096833e-05,0.0039989093244,1.86163405989e-05
img_02083.jpg,0.0426928794985,8.71676613675e-09,2.99318010791e-07,5.62022861571e-06,0.954457139102,4.65692641399e-07,7.89401392093e-07,0.00284279804193
img_02096.jpg,0.863791045593,0.135824125221,0.000139812705925,1.29383576649e-06,3.20876527494e-09,1.7020571814e-09,0.000242546738246,1.17099498273e-06
img_02119.jpg,0.552287826561,1.559934757e-07,0.000136195695471,0.00153116503647,1.04508820082e-05,0.446005468527,2.37684363174e-05,4.96886774855e-06
img_02124.jpg,7.9500141436e-08,0.000263511330056,0.000179595656691,0.0168182405395,0.338624637147,0.00246041008684,0.00517833858431,0.636475187156
