ALB,BET,DOL,NoF,LAG,OTHER,SHARK,YFT,image
2.03855230595e-05,5.60072572e-07,3.21353651052e-05,0.999887286636,2.01922942948e-05,1.67848155258e-05,1.06380528377e-05,1.20172410519e-05,img_00005.jpg
0.984030606277,0.0091450803805,0.00104517177891,6.04967726515e-08,6.21436167119e-06,0.00262876745327,0.00303222634221,0.000111872909207,img_00007.jpg
0.996161660403,6.92704985745e-06,0.000460737877009,6.26704565911e-09,1.44651406025e-08,0.00328535881442,8.52902155662e-05,4.9075781732e-09,img_00009.jpg
0.998599953345,0.000194283546502,0.000100641359042,2.43155968269e-12,0.000557124509148,3.70259340323e-05,0.000510942090032,2.9214008642e-08,img_00018.jpg
0.00377552319653,3.81905232901e-08,1.31290271905e-06,0.000341709585268,7.50830248791e-05,2.45807493412e-06,0.00134745986034,0.994456415165,img_00027.jpg
0.000566904502785,0.0437739035867,1.80333926607e-06,0.0141536905662,0.000345996835364,0.00452265900214,0.936607115679,2.79264884824e-05,img_00030.jpg
0.570699083423,0.00121238897183,0.000235069826117,0.205961967918,0.000158172431675,1.00505745905e-05,0.0191867333358,0.202536533519,img_00040.jpg
0.999858031599,7.86665510881e-07,8.34930424351e-05,4.72468691799e-05,6.71211689443e-06,9.86411929133e-09,3.71892148437e-06,9.21504336437e-10,img_00046.jpg
0.983001983962,0.00719976599868,0.000962149161915,0.000561386586132,0.00816352234274,1.98885311178e-05,1.02698621234e-05,8.1033555384e-05,img_00053.jpg
0.0269313227205,0.311996028633,0.000148080185305,7.7364709911e-11,0.660916960312,9.430003988e-07,6.62698551258e-06,3.80866489259e-08,img_00071.jpg
0.999007954669,2.24427848313e-06,0.000419057509851,4.02651657446e-05,8.85917840801e-05,0.000295843873951,1.81564067052e-05,0.00012788631231,img_00075.jpg
0.194968651112,6.65815246284e-05,1.31736267376e-05,0.000110650005411,0.000201829804604,0.00127732548707,0.00181716469864,0.801544623741,img_00102.jpg
0.999105000856,3.95479394186e-08,0.000312798945839,2.68855105198e-08,0.000170898677417,4.69361029406e-05,6.84483106647e-09,0.00036429213999,img_00103.jpg
0.958881111895,7.46292417855e-06,0.0374993291997,3.46569143836e-06,4.28506703762e-07,1.2066908163e-07,0.000683897471153,0.00292418364266,img_00109.jpg
8.06159590459e-06,7.07784254504e-07,0.00666112210187,0.993081385581,7.47771001695e-06,3.19858493793e-06,2.91561317337e-08,0.000238017485608,img_00119.jpg
0.08920772071,0.00011485293017,0.000102192567897,0.000169124766811,0.00248660071335,1.38562230672e-08,0.00189022542916,0.906029269026,img_00120.jpg
0.0266063967503,0.00486548843479,0.0476837493438,0.000549485513119,8.51814641731e-05,7.10348529209e-05,0.000589662693067,0.919549000948,img_00125.jpg
0.001530651226,0.109586016935,0.753975517847,1.32735637287e-08,1.06458037234e-06,0.00263017403175,3.47784075386e-06,0.132273084265,img_00128.jpg
0.934290255569,0.000539250347667,0.000714997538821,0.0275385957775,0.00100248632106,5.15569076155e-06,0.0117534642209,0.0241557945338,img_00129.jpg
0.658808056548,7.93131870691e-10,4.33429059719e-07,0.321099461596,0.019565036214,4.73253115014e-05,6.58399050499e-07,0.000479027709326,img_00133.jpg
0.977219707456,0.021534475837,0.000698519994723,0.000354901918739,0.000131285873445,5.97577655643e-05,1.20884369097e-06,1.42310919698e-07,img_00138.jpg
5.445592635e-07,4.42375181654e-05,0.000447623956074,1.69453292131e-06,1.12614722236e-05,1.97969434069e-05,0.000305622878302,0.99916921814,img_00141.jpg
0.928910568898,7.23960360735e-05,0.00769532020492,7.41922702217e-07,0.000197649419888,0.0172362685444,3.25977824999e-05,0.0458544571918,img_00152.jpg
1.20470256995e-05,7.37869873724e-06,0.00133859149783,1.93700176259e-08,0.00170102026881,0.000425890108807,0.000289672614078,0.996225380416,img_00161.jpg
2.55068595322e-09,1.92972905586e-05,2.75170341087e-07,0.851067391508,5.56045595513e-07,1.22636790481e-05,0.000386626289098,0.148513587467,img_00164.jpg
0.626130925085,1.3695723353e-05,9.03102688919e-06,0.00115991519046,0.000149276688131,7.93682742732e-07,3.2492530976e-06,0.37253311335,img_00170.jpg
0.188615440819,2.94205366485e-05,6.90861119587e-06,0.000168375165559,0.00303571790202,0.807965184209,4.38549715236e-07,0.000178514207371,img_00171.jpg
0.457706174367,2.73064673188e-09,5.68175835084e-05,0.54222688256,5.79990524247e-06,1.43923645559e-07,3.91433803328e-06,2.6459206314e-07,img_00172.jpg
4.65513123995e-07,0.000255086732872,0.0058648931551,0.000533814862382,0.00572788054595,0.96792508416,0.000186073481055,0.0195067015497,img_00175.jpg
0.0487563057802,0.000336159688472,1.24094221449e-05,7.15400420953e-05,2.53995940648e-05,7.61692976026e-07,0.000127823950665,0.950669599829,img_00180.jpg
0.479177543763,0.00114437795137,0.000343565135483,0.5192827198,7.11755359847e-06,2.64940984427e-06,2.10326735422e-07,4.18160600503e-05,img_00196.jpg
0.161620442829,3.8016019597e-06,5.36238664955e-05,0.146818415872,7.99564218391e-05,8.78760290982e-05,0.000227354889223,0.691108528491,img_00212.jpg
0.518740140295,5.98434563793e-08,0.00138580453594,1.11687137184e-07,0.00010448607781,0.479760227777,4.59294853671e-06,4.57683481861e-06,img_00223.jpg
0.73191312639,0.00262751139049,5.04106932936e-05,4.50157688496e-11,7.09093523041e-05,1.3493657529e-05,0.000534007081722,0.26479054139,img_00230.jpg
1.22100341036e-08,0.000571483084747,1.63459176397e-07,6.68099647055e-09,3.54152363481e-05,0.0699023128614,0.929480776646,9.82982127565e-06,img_00232.jpg
0.797675770963,0.000265575432944,4.35425247899e-05,1.78920617679e-06,6.90285230338e-05,0.11160149538,0.00333632509803,0.0870064728714,img_00244.jpg
0.968847845075,0.0277235768322,0.000484061118382,0.000102133217266,0.000381999344727,0.00019023949196,1.7543879509e-09,0.00227014316562,img_00272.jpg
0.983848279019,9.1296164111e-06,0.000393667915415,0.0151867252056,3.04747207561e-07,0.000511734403698,7.82310925731e-06,4.23359834519e-05,img_00280.jpg
0.803481079358,4.46428062699e-06,2.50914017824e-05,0.000192373689368,0.00805482119329,0.188238358315,2.75944080677e-06,1.05232147489e-06,img_00282.jpg
0.000943318807798,0.0163948544159,2.32388644331e-06,0.113781942464,3.32163313703e-05,4.29477004016e-05,0.00100511891281,0.867796277482,img_00285.jpg
0.788924356289,0.000109555513533,5.83642813936e-06,0.00320182810553,0.0360759512467,0.170084844219,0.000600200715882,0.000997427482349,img_00289.jpg
3.87226307193e-05,3.16650517522e-05,4.70951770011e-09,0.13181747152,0.00068721532458,0.0896589961944,8.19269001954e-05,0.777683997669,img_00292.jpg
0.0189135116657,4.27192002205e-05,2.42091958691e-05,0.752148882699,0.000948890786046,1.44633760706e-05,0.0486978868561,0.179209436221,img_00302.jpg
0.763485984531,0.236494013284,7.52961965252e-08,4.05063116713e-11,7.76842161599e-06,1.47609870334e-08,2.63603750392e-06,9.50762805698e-06,img_00311.jpg
0.997956548368,0.00118857984017,2.37903361261e-05,5.0548171113e-07,0.000106670801612,5.13283654691e-06,0.000716925833273,1.84650299119e-06,img_00320.jpg
0.983215497237,1.17855585039e-06,7.55164374367e-06,0.0160961770494,4.32397390143e-05,1.0832952921e-06,0.000634750684339,5.21795261572e-07,img_00331.jpg
0.0102626397354,0.000134837353579,9.13958973799e-06,0.0300142024216,0.00393620239532,0.00316494326957,0.0154870019862,0.936991033249,img_00358.jpg
0.621429032647,1.50166029344e-05,7.50523912747e-05,4.0356552099e-09,7.99869161276e-06,0.000518405982779,0.000101118951479,0.377853370697,img_00374.jpg
0.00340276896224,0.0264500036774,0.893831162944,2.43001685348e-06,0.00908236446994,0.0115155721664,0.00274780245466,0.0529678953085,img_00375.jpg
0.486100526578,4.81954913232e-07,8.8218341947e-05,0.000189938508127,1.51058295891e-05,1.26454793939e-05,0.000480743798627,0.513112339509,img_00376.jpg
0.00076966810571,0.0521484924375,0.308456410762,0.636282641267,0.00131161775815,0.000918393331499,0.00010976961473,3.00672372045e-06,img_00380.jpg
0.995499577445,1.61757711338e-05,3.32426149409e-07,4.80989011225e-11,0.00306531751594,3.78765568281e-07,0.000246136703537,0.00117208132495,img_00383.jpg
1.45113960998e-05,0.945946133539,1.68698191576e-07,0.0312513202347,1.22686034058e-05,1.34632376136e-07,0.0185347780923,0.00424068480437,img_00398.jpg
0.981714895374,0.000940226602567,0.000119503903129,4.49588880358e-07,0.00655171299152,6.09469682374e-05,4.31822204185e-06,0.0106079463499,img_00407.jpg
4.96885099602e-06,1.44324699097e-06,1.71903925656e-09,0.418771198757,3.29739894652e-07,3.03244028731e-10,1.18394193896e-10,0.581222057264,img_00417.jpg
0.00937303919247,0.00036450474916,0.000753899066077,0.000167031270719,6.44994322122e-05,0.911605029145,0.000973764503233,0.0766982326408,img_00432.jpg
1.02153770832e-05,0.00999920261313,0.0021903983736,1.56055637052e-08,0.000696840582464,7.64044016115e-06,0.000108016573636,0.986987670434,img_00442.jpg
0.982224184625,1.82969693964e-07,5.12812699028e-07,0.00341119100958,1.87528994336e-05,0.000193678372905,1.80235687075e-05,0.0141334737421,img_00446.jpg
0.0111460435461,0.000917416102442,0.198825706061,0.00197385071373,0.00282365713121,0.00604686127172,0.000338225921614,0.777928239252,img_00469.jpg
0.999947099387,2.33113679171e-08,1.15563832892e-06,2.90510998656e-05,1.01570352962e-06,4.14103024275e-09,2.00199988901e-05,1.63072041923e-06,img_00473.jpg
0.54170333475,5.49246730579e-09,0.0003866311637,0.107882911548,5.07500396672e-05,1.91476150229e-05,2.20340541257e-05,0.349935185337,img_00483.jpg
6.56173061202e-08,0.000214021975047,0.0088630875561,5.2092576503e-07,0.00017521956257,1.3946536851e-09,5.29854212703e-05,0.990694097547,img_00484.jpg
0.996717818821,0.000434174467637,0.00179131210096,0.000247267152552,0.000352106565006,0.000456921061473,3.99830547112e-07,5.99395956515e-13,img_00486.jpg
0.49935729719,1.00451830074e-07,5.08080353772e-05,0.500257345702,0.000297534163932,2.61384662848e-10,3.69141958489e-05,2.88291081591e-13,img_00487.jpg
0.000129998272403,0.000506857838231,0.00011521064138,0.982055524774,1.06612276038e-05,0.00210452878749,8.26163586038e-06,0.0150689568232,img_00493.jpg
0.961509178304,6.80773483459e-05,0.038115484975,1.20288625154e-06,1.2632709759e-05,1.40690795813e-07,0.000293205704489,7.73812890328e-08,img_00518.jpg
0.402223776585,0.000878794050219,2.73363229701e-06,0.00979245687448,0.000328897476843,1.11516409062e-06,3.99613877319e-05,0.586732264829,img_00533.jpg
0.996972374571,1.27761260716e-07,9.19292310671e-07,0.000475008491807,1.77655791811e-05,7.3995677715e-05,0.00245979686091,1.17659414434e-08,img_00538.jpg
0.994846395035,0.00511587777502,1.32303006469e-08,1.79338986505e-10,3.37074526524e-05,1.52373249137e-07,3.81994587165e-06,3.40089075389e-08,img_00543.jpg
0.949430932254,2.17164274044e-06,0.00220621600301,1.37951842508e-06,4.51976675297e-05,0.0398680725532,0.000418617624392,0.00802741273671,img_00550.jpg
0.602238974448,4.19097454773e-06,4.09241646914e-06,1.32107427727e-06,1.16750652495e-05,0.298855479799,6.53052059445e-06,0.0988777357018,img_00551.jpg
5.63680894653e-07,2.05556674638e-05,0.000765997774741,0.9954429564,0.000356629991968,0.000948732217138,0.00230213348941,0.000162430778574,img_00564.jpg
0.222996016679,5.61470698977e-07,7.7936530113e-06,0.00121800811403,0.0020766459275,0.602752389434,0.105478573778,0.0654700109438,img_00575.jpg
0.440044455292,0.00223071944254,0.000665111680763,0.544854089597,2.25660678031e-05,0.0117052669143,0.000177817332045,0.000299973672926,img_00582.jpg
0.99364777192,0.00365021540477,1.96587194988e-06,1.43576675218e-05,6.15697457157e-05,7.99672579526e-05,0.00254415178165,3.49939895976e-10,img_00584.jpg
0.00374746768482,3.02836434412e-09,6.33807946341e-05,0.0153034828482,2.33477682285e-05,7.39548662532e-08,0.0207100256659,0.960152218255,img_00587.jpg
0.289011379197,0.000374356175117,0.000995033014182,0.0113308980604,0.00522041061677,0.163050821754,0.00476686381686,0.525250237366,img_00590.jpg
0.705574121788,8.10183055835e-06,7.04457928598e-07,7.03527675264e-08,3.1957854179e-05,0.00334590341939,8.41145028631e-05,0.290955025794,img_00591.jpg
0.998213814394,6.06427430009e-07,1.80879556954e-07,6.84336894973e-08,0.000474663466337,0.0012773615572,1.13765484044e-05,2.19282933447e-05,img_00598.jpg
0.137711842277,4.83569050999e-05,1.24375299308e-06,0.00105113370718,1.49263069416e-05,0.00217066678152,0.00104415366342,0.857957676606,img_00599.jpg
0.327139319498,0.000143093443122,2.89586746809e-06,2.43712510661e-06,0.000381302079815,0.113673986948,0.5586326641,2.43009382388e-05,img_00612.jpg
0.997143041647,2.78072169919e-09,2.84084038086e-05,0.000489667903196,0.000299597684585,5.76245890491e-05,0.000586429010424,0.00139522798146,img_00618.jpg
0.989616890383,0.000184256507651,0.000262433787147,9.77385652539e-05,3.97232374424e-05,0.00978569394628,1.32633802034e-05,1.92739648696e-10,img_00620.jpg
1.5834627796e-06,0.0256826316536,0.0148598664577,8.69202612669e-05,0.958828857631,0.000101898871482,0.00031065140891,0.0001275902531,img_00642.jpg
4.2448528332e-08,8.18546406267e-05,0.00021341079705,0.000333476073463,0.000228131362965,0.000182223588,0.000428093249893,0.998532767839,img_00646.jpg
0.996425021941,0.00325960206545,2.6098795666e-08,1.35038990319e-09,9.6146948684e-06,6.33417236421e-09,6.93372562337e-05,0.000236390259555,img_00648.jpg
0.0143719475474,3.60798103351e-06,2.32866412138e-05,0.102305021883,9.88363856017e-05,0.00633836921501,0.000131430169427,0.876727500177,img_00650.jpg
0.974647919315,2.33292699595e-05,9.78406246112e-05,8.80698653783e-05,0.000714599209182,0.0244235741887,5.4254156332e-07,4.1249858029e-06,img_00654.jpg
0.995628688187,1.83825463946e-06,1.3291410069e-06,6.01377666107e-06,4.19263718549e-06,2.07979229517e-06,0.00275317480723,0.00160268340419,img_00664.jpg
2.34261863561e-07,0.011348675563,0.000732157740282,0.987803564963,8.24716539442e-05,3.02005313593e-05,5.48238642412e-07,2.14704799546e-06,img_00667.jpg
1.21756899201e-06,3.57508620027e-06,0.0034361266283,0.99654720276,9.47026282794e-06,1.51472298915e-06,1.11303020197e-08,8.81840299275e-07,img_00676.jpg
0.000189019840315,0.00196534593139,0.00287371667248,2.07335508344e-06,2.33799965726e-05,1.71298891728e-06,0.000108109511215,0.994836641704,img_00697.jpg
0.644797482472,3.09249095507e-05,1.23515379615e-06,0.000963572643805,0.00104760488257,0.349991980225,0.00316476054268,2.43917066309e-06,img_00708.jpg
1.75392809503e-05,0.191198094736,9.03022437741e-06,0.117095861045,0.00749800111031,0.673110702105,0.00178009954366,0.00929067195471,img_00716.jpg
1.21558474798e-06,0.908625116968,1.52111244239e-05,6.88781136679e-05,0.00147531251832,0.089579229656,4.74940365747e-05,0.00018754199784,img_00717.jpg
0.136405014899,0.000224665270265,9.43657784705e-06,1.21488726815e-05,1.52870585657e-05,0.0165282672761,0.000933332166974,0.845871847879,img_00718.jpg
0.989848606102,0.00308125954136,2.31018692147e-08,0.00547177505357,0.00042210677063,4.71323425766e-05,0.00112884207349,2.55014505078e-07,img_00723.jpg
0.133336083571,1.63921247022e-07,8.31141823549e-06,0.000485797097653,8.63577042751e-06,4.16834214198e-07,0.390392318717,0.47576827267,img_00724.jpg
0.999519695152,1.82112246817e-06,3.34427579857e-06,5.41766768101e-06,4.25615056042e-06,3.62963533651e-09,0.000456133568568,9.32843375406e-06,img_00726.jpg
0.97617815904,9.74087229426e-07,0.019839508274,0.00392818667103,3.79872626923e-05,1.78655785779e-06,8.75779912449e-06,4.64030833449e-06,img_00729.jpg
0.0344995255107,1.04422120511e-07,4.57802456128e-06,7.57394764099e-06,0.0001400195016,3.09377807546e-11,0.00268420297966,0.962663995583,img_00730.jpg
0.836604387915,5.1914353595e-06,0.000349141832408,1.45396711137e-06,0.00208152968577,5.20445221421e-06,2.20932059524e-06,0.160950881392,img_00757.jpg
0.981267050777,6.02484373503e-05,1.42373376426e-06,2.47107826754e-10,0.0186540383139,5.74378404592e-06,1.14633248778e-05,3.13814513178e-08,img_00760.jpg
8.57040302098e-05,0.000116459198081,3.20077770633e-07,0.708274547996,1.96138200463e-05,3.94826943193e-07,1.90050672576e-05,0.291483954983,img_00763.jpg
1.98072159806e-12,0.0340536405341,0.00107835250475,0.462791696429,0.00152261319248,0.000152540648726,0.000206153208759,0.50019500348,img_00764.jpg
0.00213993916123,0.000123646661149,3.26976513057e-05,0.0106208476316,0.0201615162653,0.413243900139,1.99887653401e-05,0.553657463725,img_00765.jpg
0.00481914737508,0.000236108359097,0.994657928115,0.000197489261661,3.29226148527e-05,4.92121907029e-07,3.50311330389e-05,2.08810198047e-05,img_00772.jpg
0.00198362033298,0.00192339877975,0.983576770651,0.00691740280129,6.7550212771e-05,0.00553120667946,5.02880781465e-08,2.54351328758e-10,img_00773.jpg
0.713591551322,1.21414313031e-05,7.06923897077e-06,7.67135171697e-05,0.00157440935541,0.283924444164,0.000813670934161,3.69575851488e-11,img_00777.jpg
0.0015746771273,0.0100354864491,0.00561734918372,0.0165479281564,0.000811731735911,0.103874819771,0.000676814744112,0.860861192832,img_00780.jpg
0.993306383375,4.35463888351e-05,1.59916820244e-07,2.67967243486e-05,0.00165505258055,0.00116710990002,2.71543955271e-05,0.00377379671897,img_00798.jpg
0.999736812652,5.00735478735e-06,5.73009030591e-07,0.00012325105663,5.26817336571e-05,1.09414317249e-05,2.23311860834e-08,7.07104306609e-05,img_00808.jpg
0.998530195631,7.58183817372e-06,1.77749336549e-05,0.000506776151109,0.00031428959536,8.77686654117e-07,2.1013095585e-05,0.000601491068767,img_00816.jpg
5.47802691137e-06,0.00448380999365,0.00013180538225,0.994965716075,0.00035813013557,5.37502112072e-05,4.59094983918e-07,8.51080794862e-07,img_00828.jpg
0.983662492954,1.08005126413e-05,0.00022104779786,0.000140851605232,0.000182147307905,0.0080461769956,0.00773635822904,1.24598204911e-07,img_00833.jpg
0.999771723196,1.66552109083e-05,7.38459618068e-08,3.30770084371e-06,1.58150462929e-05,0.00017676704609,1.11718081904e-05,4.48614610044e-06,img_00837.jpg
2.44925367518e-07,0.00230324315907,0.000217627453274,2.42523807986e-08,0.00013889122783,5.19565239425e-05,0.000404111857829,0.9968839006,img_00855.jpg
0.99923912343,0.000280456267353,0.000191694723201,5.68286322919e-08,8.48533794354e-05,5.69073472833e-07,0.000202486869322,7.59429078594e-07,img_00857.jpg
0.991574673635,2.86929755343e-08,2.6956348991e-07,0.000237109138472,5.83989452463e-05,0.00669568102895,0.000369070126541,0.0010647688689,img_00858.jpg
0.94895085579,0.00413982938138,0.00369452076356,5.30387167889e-05,0.00106173147619,0.0420889169143,1.10761094024e-05,3.08483233229e-08,img_00865.jpg
3.29546742157e-11,0.000261825488425,0.00839630337456,0.991010885861,9.61380708078e-05,0.000225728139856,1.03615262272e-07,9.01541759546e-06,img_00876.jpg
0.000810509864863,1.96209775524e-06,0.516407439517,0.0495298709349,0.000741291184222,0.000298346511692,0.00346842806669,0.428742151823,img_00889.jpg
0.306119197579,8.74887367183e-05,0.00143690192228,0.0110253925829,3.67351714373e-05,0.673061301467,3.82845963269e-06,0.0082291540806,img_00894.jpg
6.78065807835e-12,0.153571193023,1.92426102373e-07,2.33079363945e-08,7.43695460408e-05,0.102178641329,0.744173045926,2.53443575181e-06,img_00902.jpg
2.17811677573e-06,3.47652077356e-06,5.02268267849e-05,8.3542367886e-08,0.00302513253752,6.01354606422e-06,3.94212699789e-05,0.99687346764,img_00914.jpg
0.969795230295,2.93109541255e-08,6.05900688359e-05,6.45046800326e-05,1.55670109157e-05,0.027131804628,0.00254263538858,0.000389638617413,img_00921.jpg
0.938219494132,8.3588340249e-05,0.000652811570051,0.00862189490641,8.79414545221e-05,0.00691594321273,0.0447880968444,0.000630229539756,img_00927.jpg
0.53392107629,1.01197945981e-08,0.00132887095845,0.0534689342294,7.9483144052e-05,5.2007133061e-06,3.05988774286e-05,0.411165825667,img_00943.jpg
0.93906657765,4.73086875197e-06,3.76642704102e-06,0.0608705457137,2.74129335783e-05,2.10744988642e-07,3.13224510311e-06,2.36234166654e-05,img_00948.jpg
0.105972030225,9.8914320842e-08,0.000442707065527,0.892542946117,6.47744018732e-06,0.000918315934037,3.90793394338e-06,0.000113516370283,img_00950.jpg
0.994156033316,5.99314342093e-07,0.000977264408819,1.42565761314e-05,7.93165128923e-05,1.72662566713e-05,4.58719825885e-06,0.004750676417,img_00959.jpg
2.7782617387e-09,0.247452386475,0.000266593845512,2.19324792724e-05,5.77414648537e-06,2.05864554274e-05,0.000178995531677,0.752053728288,img_00962.jpg
2.25492944713e-06,0.00053395001777,0.997880410955,2.74462796902e-08,6.131388118e-06,0.00155397241077,2.10994018905e-05,2.15345092112e-06,img_00964.jpg
0.00126047601797,5.57835177845e-08,0.000972237145941,0.993713966442,5.19517105695e-05,1.48829616987e-07,1.1756563634e-05,0.00398940750675,img_00966.jpg
0.00163947627396,0.997530497921,6.45740449372e-05,2.95095485294e-09,0.000643438786121,3.74107291553e-06,0.000109993396267,8.27555412326e-06,img_00974.jpg
4.07413605774e-06,0.00327471537985,0.00512916297239,1.32277894266e-06,4.8572909039e-05,8.19803538991e-07,2.93570999435e-05,0.99151197492,img_00979.jpg
1.80028800199e-07,0.283314223914,0.0245333418231,0.671551388381,0.000371261329441,0.00238554641156,0.00107335652664,0.0167707015854,img_00982.jpg
2.31435534421e-07,5.66704524659e-06,1.08335908425e-08,0.0105664128125,0.00012987729617,5.30759690831e-05,2.09603594299e-05,0.989223764248,img_00985.jpg
0.521168373528,8.9887920011e-05,1.33014595086e-05,4.65435042808e-06,5.16180360233e-05,7.85925347542e-06,0.00124526239949,0.477419043053,img_00999.jpg
0.749127132275,6.51994849401e-05,6.21192396895e-08,0.24859045293,7.59681426852e-05,0.000175401011933,6.67115967609e-05,0.00189907243934,img_01022.jpg
0.996029397888,3.00040662604e-06,1.90497730542e-06,9.18977356129e-05,4.69886824734e-05,0.0030543983975,2.78963145703e-06,0.000769622280852,img_01031.jpg
0.981907083795,2.91948165298e-06,1.33864850089e-06,5.45425243748e-08,0.00153831137392,0.0165458393596,4.4527907123e-06,8.02074611115e-12,img_01035.jpg
0.00042535419097,0.962900473301,9.20240709108e-06,0.0121941654103,1.58775778055e-06,0.0241534206379,0.000315796290331,4.45685313832e-12,img_01043.jpg
0.0430247289297,0.00286160554063,1.48891000016e-05,0.00477097129962,0.000653524269605,0.000230891992537,0.000812085691517,0.947631303176,img_01058.jpg
0.0967571716811,0.0657180246249,3.913067904e-05,0.052858752103,0.00309920834598,0.0341694160694,0.625965200273,0.121393096224,img_01059.jpg
0.00472511640318,0.000603852926861,0.000109021079242,0.993718555219,0.000152702370757,6.70190010296e-07,0.000671064704097,1.90171070195e-05,img_01090.jpg
0.0406827454378,0.000622470694043,4.16870196975e-07,4.99030312791e-05,0.0161767790737,3.15260403938e-08,1.58716662933e-05,0.942451781701,img_01102.jpg
0.0758695973449,0.766859371213,6.14037565185e-05,1.15977855745e-10,6.65457929456e-07,0.15698309075,7.73628808466e-05,0.000148508480945,img_01103.jpg
0.996734263624,0.00265124661414,8.65142124202e-06,4.99867595975e-05,1.60893878401e-05,0.000512357240396,2.73626709864e-05,4.22814653717e-08,img_01116.jpg
0.810792810467,9.97134700016e-05,4.87166490183e-07,4.14024260168e-07,6.13437113447e-06,0.0599837339142,2.59662924639e-05,0.129090740295,img_01134.jpg
0.980627686173,8.55151821691e-07,8.05284256049e-05,0.0103625459841,0.000108833733498,0.00812214169991,0.000615499775125,8.1909056595e-05,img_01142.jpg
0.00568906463763,1.62111888078e-05,1.34135160424e-07,8.31396752446e-06,0.00257462555308,0.892654449933,3.34530415813e-05,0.0990237475427,img_01168.jpg
0.144319814266,0.000815636065663,0.000964955641212,0.286668743375,1.24944659844e-05,5.79830112808e-07,0.0202336784832,0.546984097873,img_01171.jpg
0.984318831007,3.03505289733e-05,0.000121131517211,0.00149020374766,0.000670713631299,0.00510128563334,1.75566584323e-06,0.00826572826896,img_01177.jpg
0.886293633636,0.0801328729951,5.6119847283e-06,0.0330812314797,0.000269726547929,0.000216912622534,1.0046014321e-08,6.88348376875e-10,img_01179.jpg
0.0168938353695,0.00021727139124,0.000170576679943,0.00255533913373,0.0231953890063,0.788482002092,0.000283929069729,0.168201657257,img_01188.jpg
0.288076552706,0.0198803373797,4.659402271e-06,0.687464257469,0.000461966997284,7.57089008674e-06,6.73776337029e-05,0.00403727752161,img_01198.jpg
2.13661317672e-11,0.751485927621,0.00338559449088,0.244857856182,9.84312832399e-05,0.000114248166592,1.31408222758e-05,4.48014131503e-05,img_01204.jpg
0.0291133859468,1.32070257594e-06,0.000400111757342,0.970334441928,7.47972783777e-06,8.85216719513e-05,2.15002871254e-05,3.32379780313e-05,img_01208.jpg
1.03302836432e-05,0.000148499762363,5.91541939468e-07,0.552626824122,0.00107684053538,1.55105346783e-07,8.10213609183e-07,0.446135948436,img_01211.jpg
0.982322705875,0.00576439103901,1.11790471692e-06,4.27266242485e-10,5.7505348247e-05,7.79882432194e-07,8.75780448066e-06,0.011844741719,img_01213.jpg
0.991481477115,0.000398885195846,2.92132893455e-06,4.22599849621e-11,0.000437324489365,4.779697766e-06,0.00169503562379,0.00597957650663,img_01222.jpg
1.79921797444e-07,0.0243119123691,0.00242099895306,1.21564429131e-05,0.000251220319352,5.72914359192e-05,5.28015006949e-07,0.972945712543,img_01224.jpg
0.0411963623313,4.46168200985e-05,2.78322270429e-05,0.941293988615,0.000338057394941,4.12688153114e-06,0.0165539597769,0.000541055953237,img_01237.jpg
0.000147068856454,0.000186659370059,0.281352174905,0.0368177366096,0.680034079261,0.00115246759875,0.000153249262664,0.00015656413681,img_01249.jpg
3.94790236097e-05,0.00149727790398,0.00103473407151,6.56257864697e-05,0.00032072065291,7.55645761988e-05,0.000432583303774,0.996534014682,img_01253.jpg
0.00252552002651,0.934875748678,1.83798904144e-05,0.00452621018717,0.00142557375173,0.0159679585072,4.61247110508e-05,0.0406144842477,img_01286.jpg
0.24715770766,0.173573587542,0.00013864894628,0.130091552194,0.00375335649981,0.353004850094,0.0916374000773,0.000642896986409,img_01289.jpg
0.000390517420846,2.65272451086e-05,2.03054221648e-06,0.0305074414687,0.000203909112488,2.39725070437e-06,0.000181802666444,0.968685374294,img_01325.jpg
0.0666774016001,0.00145206965105,1.20430366887e-06,2.70300123327e-08,8.78036762239e-07,1.06092915844e-06,4.35474503529e-06,0.931863003704,img_01328.jpg
3.22832265072e-06,2.00177957034e-05,0.00107799860152,0.000466001046704,0.00286001529675,0.946334972309,1.37821970014e-05,0.0492239844311,img_01366.jpg
0.940070106865,0.00134978224684,1.77552492551e-06,4.07245207387e-06,1.67493814382e-07,1.29013747889e-07,2.63389530453e-06,0.0585713325086,img_01371.jpg
0.453326657349,1.62938211652e-07,1.4536416089e-05,0.439403857177,0.000176572770926,0.000933746632456,1.30447151187e-08,0.106144453671,img_01373.jpg
0.000188636635809,0.657256723756,0.000195134007058,0.19907502451,0.0550411682184,0.0881932101645,5.01026861317e-05,2.14161767367e-11,img_01377.jpg
0.987921512175,0.000778031619307,0.00113225848848,0.000591986504049,0.00928747357225,0.000274849708989,7.84245786448e-06,6.04547422755e-06,img_01379.jpg
0.930452129452,5.91196635276e-07,0.000144365052741,3.52922791801e-07,2.39969066217e-06,0.0693022923179,9.40832590083e-05,3.78610855669e-06,img_01384.jpg
0.0061211776033,0.991409601051,1.25691521353e-05,6.1542597797e-06,5.25037214824e-07,0.00243921985471,9.63683318354e-07,9.78935896482e-06,img_01388.jpg
1.0803176731e-05,0.490655116478,0.500527747175,6.17153562257e-07,1.77942715624e-05,1.87805817833e-06,7.1506771057e-05,0.00871453691511,img_01392.jpg
2.05385327257e-10,0.163621614216,0.00618937955135,1.84188989297e-07,2.53598839613e-05,5.68438494397e-07,2.93132150943e-06,0.830159962194,img_01399.jpg
0.990096006802,1.04129994613e-06,1.04040080598e-05,5.49895382882e-06,0.00623515499745,7.26322655668e-05,0.00357894650225,3.15171029242e-07,img_01404.jpg
0.799606314512,1.96618336692e-06,0.00048416734055,0.198707030897,3.21249857874e-07,7.93489741059e-08,8.18943504046e-08,0.00120003857377,img_01405.jpg
0.999851619873,1.25529466214e-05,2.63799065286e-06,1.51237734879e-07,2.41431799594e-05,6.49873588256e-05,8.49413718394e-08,4.38224721999e-05,img_01413.jpg
0.0372209827697,0.873888371472,1.8982537098e-05,0.000178438379712,7.2505967906e-06,3.35090095437e-06,0.00164934809548,0.0870332752479,img_01426.jpg
0.528715993167,1.90316080861e-08,5.15342132853e-09,6.88362247048e-11,0.471234850802,4.2903804015e-05,4.1409666638e-06,2.08700627479e-06,img_01431.jpg
0.000344496635034,4.19677027292e-06,0.00121329411432,0.000367618208468,5.93361334448e-05,2.13456367558e-08,0.000160518576054,0.997850518217,img_01441.jpg
0.997936637875,1.22452053519e-06,0.000548248966763,1.17423987658e-05,5.40955414544e-07,0.00069415888681,4.03144922711e-05,0.00076713190477,img_01444.jpg
1.48305402618e-05,0.0103279571176,0.98595990355,3.53145836589e-06,0.000319616157143,0.00116214749989,0.00147020131588,0.000741812361234,img_01490.jpg
0.45418690586,0.000796030004068,8.70351370551e-05,0.00138609632088,2.0796292259e-06,1.45502300659e-07,1.235088904e-06,0.543540472458,img_01495.jpg
8.70225690265e-13,0.00777839494514,0.00179685155332,0.990336166866,6.58069590262e-05,1.32982821646e-05,9.16502785197e-06,3.16365417939e-07,img_01505.jpg
0.925890112801,0.000414730032136,0.0306474059526,0.0145741899155,0.0241193553571,0.00424971708594,5.12742385419e-05,5.32146176966e-05,img_01511.jpg
0.0235047490125,2.58037881908e-05,1.59558541311e-07,0.0001466597739,3.87500900181e-05,0.955144220629,0.000176118207988,0.0209635389399,img_01519.jpg
0.564229659658,2.04489561999e-06,2.12397485752e-05,0.435739404047,1.67106871489e-06,3.86877697869e-06,6.12064028324e-07,1.49974056749e-06,img_01530.jpg
0.999098944369,1.20335075695e-06,0.000256926890888,9.2557513449e-05,9.27741469516e-05,0.000453625533875,2.05156544389e-06,1.91662946855e-06,img_01537.jpg
0.948650064484,0.000807521312574,0.000617405065067,6.05871009212e-08,1.5806803833e-05,0.0498712959972,3.77816868145e-05,6.40636835907e-08,img_01538.jpg
0.0523114347203,3.14875690866e-06,0.0237017081559,0.904555287441,0.00149485630028,0.0174521023945,0.000201750227099,0.000279712003907,img_01541.jpg
0.998712700986,0.000246731615411,7.34359144996e-05,0.000484311933897,9.94697662098e-05,0.000141203404013,0.000157390315886,8.47560637527e-05,img_01543.jpg
0.999358395839,1.91833725366e-05,2.0826482262e-05,7.26329494458e-05,2.55477699899e-05,9.08989493301e-05,0.000345284623842,6.72300138475e-05,img_01548.jpg
0.334319045591,0.125898538021,0.0396132492752,0.245110779716,0.00459622717247,2.78343335481e-05,0.12894550493,0.121488820961,img_01552.jpg
4.53671516789e-08,2.81630972691e-06,8.33722436453e-06,0.997715667477,0.000114789665056,4.45380869111e-06,1.52074978717e-05,0.00213868264988,img_01561.jpg
0.00728151707012,3.32371828408e-06,0.00179450580913,0.00496580738589,2.34113597242e-05,5.01418588992e-06,0.00219396264023,0.983732457831,img_01562.jpg
0.998380239762,2.69878006845e-07,0.00161248473075,1.87168199379e-06,2.84894243008e-07,4.50861494333e-07,2.42511654097e-06,1.97307500916e-06,img_01571.jpg
0.351910626594,0.00040574461995,6.1809412948e-05,5.84857849106e-06,0.00222422203053,0.0536516159462,0.0101755550636,0.581564577755,img_01593.jpg
6.57988044861e-08,0.00235691718771,0.000846678000504,0.996760182601,1.08357418379e-05,2.64929392578e-10,9.17425990667e-07,2.44029790101e-05,img_01595.jpg
0.973241469689,3.51382291953e-05,1.22993644399e-06,1.32808864387e-06,5.70662681304e-05,0.000236959501045,7.19012773416e-05,0.0263549070101,img_01616.jpg
0.592969895663,0.000586517624375,3.69619415865e-06,9.07496914973e-08,6.19080297364e-08,0.405209741101,0.00121653552099,1.3461237935e-05,img_01618.jpg
0.998105894278,0.000377535872962,0.00118729549751,4.01931902767e-11,3.35079853931e-05,0.000195259960375,0.000100506098997,2.66082801454e-10,img_01627.jpg
0.982950848312,6.03987953856e-06,2.44254588793e-06,0.00225319304348,0.00170196798895,1.39675178168e-05,0.000109636247881,0.0129619044643,img_01632.jpg
0.918749382973,2.46618157189e-06,1.28328089131e-05,5.08792422583e-06,1.74930007995e-05,0.0790327010969,0.00217993588289,1.00131286129e-07,img_01633.jpg
0.94818379731,0.0517222493226,8.0800308005e-08,6.08357001309e-09,2.18149341494e-05,2.39781338028e-07,5.41218301766e-06,6.63995847836e-05,img_01640.jpg
0.994570706221,3.14851544117e-05,5.12624249498e-05,0.00447560130442,2.1079351555e-05,1.1521262701e-06,0.000841762391408,6.95102594794e-06,img_01646.jpg
0.744689286289,1.43717043013e-10,0.000151680925528,0.254622833114,1.20901291478e-05,8.39215191639e-09,0.000523491259257,6.09747109759e-07,img_01647.jpg
0.0285182981115,0.00171041615228,2.69927066165e-05,0.951164859189,0.00319216585712,6.75677183346e-08,0.000129556804783,0.0152576436109,img_01649.jpg
4.86389266009e-05,9.82199361901e-05,0.979925946934,1.23045342567e-07,3.44020142473e-05,1.37411585933e-05,0.0138589775774,0.00601995040801,img_01657.jpg
0.742999221713,1.10489706785e-07,1.74907955346e-08,6.52753640734e-11,0.256975063607,1.17167896295e-05,1.37785157087e-05,9.13290706078e-08,img_01669.jpg
0.999975845903,5.30943912934e-10,1.54279062368e-06,3.26083588491e-06,7.62191179574e-08,2.21983715576e-11,3.57594152046e-07,1.89161036909e-05,img_01673.jpg
1.72439808324e-06,3.25802107528e-05,0.000328157776503,0.0329361172172,4.71653329362e-05,1.04446331502e-05,9.04326462186e-06,0.966634767167,img_01681.jpg
0.993184622843,0.000381793592307,0.000275047564482,2.06086153781e-10,0.00395589535996,1.59138592208e-07,6.35949939532e-05,0.00213888630171,img_01684.jpg
0.961904340863,8.08457432997e-06,4.72967715161e-05,0.00879545835679,0.000108120053374,0.00438857053594,0.000793348072018,0.0239547807726,img_01685.jpg
0.0102229382029,0.185591527705,0.00409390570894,0.00086698928635,0.000597337387727,0.0117881646851,0.000504029940764,0.786335107083,img_01687.jpg
0.00236545710397,0.133619763584,9.60312236793e-06,0.0402230476141,0.00618430109721,0.798057330266,0.0184152094562,0.00112528775561,img_01688.jpg
7.43696438777e-05,4.67520346376e-06,0.0106267836672,2.292048669e-05,2.70727786139e-06,0.00024501555045,6.71179619033e-06,0.989016816374,img_01689.jpg
0.00153583746712,0.000109490764128,0.00127531683834,0.996642258844,0.000247982110037,0.000189050992915,5.48892998302e-08,8.09411635736e-09,img_01716.jpg
0.129260382616,0.000346884332604,1.78042268434e-08,0.868586785863,0.000218711348942,5.77603472291e-05,0.0015275748422,1.88284535133e-06,img_01717.jpg
0.98525404404,1.11644765852e-05,0.00437794232645,0.00720288032924,2.12437625206e-05,0.00286096439436,3.69519788124e-07,0.000271391150581,img_01724.jpg
0.107413506328,2.08118842526e-06,0.879966837557,0.0119133715971,0.000143472846222,0.000373145248479,0.000147519943822,4.00652905101e-05,img_01745.jpg
0.9942656516,1.93677786417e-05,0.00548183347564,5.34699166411e-07,8.01315892147e-05,0.000152190567854,2.71690918588e-07,1.85986886013e-08,img_01771.jpg
0.782852193569,4.48867178813e-05,9.82737950126e-05,8.80125445888e-07,0.00014217106151,2.48290236393e-08,0.0771192089475,0.139742360954,img_01773.jpg
0.920163634835,1.52806879098e-06,5.55651969277e-06,0.000218801431424,0.0384619704884,0.018954317987,3.70327984381e-07,0.0221938203416,img_01781.jpg
6.960286906e-08,1.16485544111e-05,0.000155152770187,0.999177145543,0.000515616822588,3.58549595442e-07,5.41561567384e-08,0.000139954000937,img_01782.jpg
0.999999536405,3.43808957451e-11,2.50071061668e-08,1.25569879126e-07,4.54799719784e-08,6.51093390535e-10,4.54754470161e-08,2.21377498979e-07,img_01802.jpg
5.17948502134e-07,0.00144533427564,0.997069728153,1.18876111049e-05,7.64435960616e-05,0.000299677746558,5.18018131069e-06,0.0010912304874,img_01803.jpg
0.949339770004,1.37202625952e-05,2.04972363166e-06,6.17154596637e-06,0.000647043364895,0.0429728064789,0.00701842708134,1.15390593288e-08,img_01824.jpg
2.18705617596e-08,0.871929614802,1.81696252827e-07,0.0638025585922,7.58869948099e-05,7.95357623655e-05,1.39471108231e-06,0.0641108055709,img_01825.jpg
0.994014779088,2.20395906454e-05,2.4558679764e-05,6.13775841672e-05,0.00149290885089,3.68326403121e-05,9.84502289857e-05,0.00424905333717,img_01831.jpg
0.00491257782264,0.023691525503,0.00247445284415,1.36909655982e-07,0.000102704917886,1.13871924514e-06,1.44630091504e-07,0.968817318653,img_01834.jpg
0.000523232423494,0.00122032808101,6.36536212093e-07,0.0557000583355,0.000497869983701,6.07915470441e-05,0.000870679663316,0.94112640343,img_01847.jpg
0.876791639621,0.000679693636172,0.000632099624785,0.000599844919592,0.000152425357512,0.00358481843212,0.082719287586,0.0348401908227,img_01853.jpg
0.999941998974,2.78169877149e-06,3.59160521599e-07,4.37963216325e-05,1.09586809815e-05,4.87812105828e-11,7.11062447072e-08,3.40087091103e-08,img_01856.jpg
0.800147090875,4.84867310185e-07,0.015921040023,0.000719091157717,9.19164052752e-06,0.00126208329319,0.18192815272,1.28654229077e-05,img_01860.jpg
0.829031270643,1.56799463561e-05,0.0076532044837,0.0014911604544,3.72245790551e-05,0.161680118421,4.94407036099e-07,9.08470654593e-05,img_01862.jpg
0.665944786603,4.95979799987e-07,6.11280005896e-05,0.0325755156258,2.62250111081e-05,0.297407359926,0.00398081204769,3.67680634256e-06,img_01874.jpg
0.00490883505679,0.0161988539784,0.00120107668893,0.00131759101638,0.103535803166,0.789354262463,0.000700896563778,0.0827826810662,img_01888.jpg
0.00052425015292,0.00082300383324,0.000280575837346,1.34004985122e-08,0.895363029617,0.00223879476528,0.100745734351,2.45980423869e-05,img_01918.jpg
0.318374636123,0.664414093204,0.00364104767521,0.00771780660342,0.000811446470039,0.00501329557087,2.36175170756e-05,4.05683624235e-06,img_01930.jpg
0.978376095995,9.45418806169e-06,0.00170247514156,3.16196671965e-05,2.68715545637e-06,0.000273112072085,2.65113379008e-05,0.019578044443,img_01932.jpg
7.46711140165e-09,0.000944034437885,7.16359098393e-06,1.50896126125e-05,1.19227271808e-05,4.25332961417e-06,0.000210979713162,0.998806549121,img_01955.jpg
0.999926301659,5.44952209131e-08,2.03367781311e-05,1.99955138937e-05,2.21253241936e-05,6.91678901068e-08,3.14247427053e-07,1.08028146861e-05,img_01963.jpg
0.972565034614,0.00483849428641,5.79709247333e-06,1.81454196198e-11,0.000570196719376,1.34585960339e-07,8.84269215599e-05,0.0219319157623,img_01966.jpg
0.842175808852,9.47114843885e-05,2.02805416295e-05,0.0382023998323,5.5669214924e-05,7.42690483648e-06,2.74304990324e-05,0.119416272671,img_01976.jpg
0.171573113113,0.000353637851383,0.0062560281212,0.538140038405,0.000947257346857,0.00194229712481,6.63346123436e-05,0.280721293426,img_01983.jpg
0.560097718395,2.37634531884e-06,3.8883800602e-06,9.50423468308e-08,2.60149012614e-05,2.07527418082e-05,0.000243299571005,0.439605854624,img_01984.jpg
0.000121925147513,2.74002507929e-05,6.71848406278e-05,3.64670986473e-05,0.00272295770451,0.787375899159,0.00108550953513,0.208562656264,img_01995.jpg
0.000843155661253,0.00107362844477,2.79100611408e-06,1.58188827718e-05,0.00309509077687,0.989207504261,0.00311257565915,0.00264943530851,img_01996.jpg
0.815860065942,0.182248539599,4.99856505177e-06,0.000186080563223,2.34453228197e-05,0.000699020642357,1.18343095533e-06,0.000976665933867,img_02001.jpg
0.504960769279,2.61216671024e-08,0.0455331906109,1.0895557671e-06,0.0102775726057,0.00184377374602,8.47232780464e-09,0.437383569608,img_02006.jpg
0.961956702959,2.48241893912e-05,0.000290203414797,0.00244805196619,0.0283711564755,0.000841554139487,0.00595806679771,0.00010944005819,img_02066.jpg
0.961678313882,0.0185792620122,0.000266523896939,3.23823194136e-05,0.0180770340552,0.000776244496955,8.22931819617e-06,0.000582010019323,img_02074.jpg
0.0140535076826,0.324681005773,2.47663545635e-07,0.660887533673,1.02048233477e-05,1.31068347427e-05,0.000351566854477,2.82669492353e-06,img_02076.jpg
0.553316699938,2.90519458966e-07,0.000620432538062,0.246857934262,0.196662454237,0.00124939829027,0.000268300783565,0.00102448943186,img_02077.jpg
0.000134819746346,1.24230002628e-05,6.17284084336e-09,0.962836354772,2.51258721087e-06,3.25867782457e-07,1.5973421653e-07,0.0370133981191,img_02078.jpg
7.93241652185e-07,1.48921081908e-05,1.99815736148e-05,0.985806526876,0.000870160367351,7.0210556496e-06,0.0132401024436,4.0522333905e-05,img_02082.jpg
0.00218809428941,5.59908447717e-08,1.85243022053e-07,0.996516820362,2.54603154806e-05,1.272549003e-06,2.25774891173e-06,0.00126585350158,img_02083.jpg
0.991450542728,0.00754029856794,0.000897642800749,4.77174677311e-09,1.21541554886e-06,3.31068820062e-09,0.000109110020832,1.18238436446e-06,img_02096.jpg
0.615204432489,8.70159771943e-08,0.000187697789557,8.44541389195e-05,0.000349340556494,0.384137010706,1.37831327407e-05,2.31941721051e-05,img_02119.jpg
0.000304625754568,0.000278748993127,0.000100368932237,0.0256933480439,0.014277022294,0.00815331026431,0.00300550145796,0.94818707426,img_02124.jpg
